1.2279388904571533,-0.016309689730405807,0.053608641028404236,0.0014238315135760838,-0.0021404273162261758,-0.002781348310487683,0.9999928399664133
2.2836830615997314,-0.05325188860297203,0.11275075376033783,0.001554010526070284,-0.003081525234704702,-0.006616026487584402,0.9999721493418992
3.427342653274536,-0.06316345185041428,0.16925643384456635,0.0014405652653012037,-0.0052204604304402465,-0.006803827351530207,0.9999621875885814
4.865383148193359,-0.06883589178323746,0.2742098271846771,0.001520115779968307,-0.006651152942651737,-0.005193895715077188,0.9999632307087638
6.023136615753174,-0.08798792213201523,0.36771124601364136,0.0016221738364207467,-0.008073666129181978,-0.006106524276290525,0.9999474571252537
7.254544258117676,-0.09925264120101929,0.4498567283153534,0.0009694033605053949,-0.008185781495567339,-0.0067509920319041294,0.9999432324151527
8.634115219116211,-0.13315455615520477,0.5483061671257019,0.002505449357273113,-0.008479767648304975,-0.007466094149534789,0.9999330393903139
10.0274658203125,-0.15648289024829865,0.648688554763794,0.002338493100257224,-0.009560918270659184,-0.008574513781016426,0.9999147840788364
11.417839050292969,-0.18435531854629517,0.744311511516571,0.002145963340831288,-0.010478105146291956,-0.009768558023441376,0.9998950977735374
13.023561477661133,-0.25168442726135254,0.852318286895752,0.004595883193513909,-0.008079736541835806,-0.011273818685463725,0.9998932572853649
14.653532028198242,-0.2826250195503235,0.945283055305481,0.0034806818783160802,-0.006754403400571799,-0.011838521232308247,0.9999010439429417
16.267189025878906,-0.31507569551467896,1.0574971437454224,0.004456407725273373,-0.005053370412841437,-0.0112761195421051,0.9999137185544437
19.159286499023438,-0.36786773800849915,1.234117865562439,0.004021234876281575,-0.003470592940074227,-0.01029045695445743,0.999932935075195
20.192670822143555,-0.3651767075061798,1.289104700088501,0.002458963442645092,-0.003388917588063246,-0.009846336406230368,0.9999427555508104
21.28002166748047,-0.3776804208755493,1.3521602153778076,0.0018465964835679886,-0.002335880383985844,-0.009358015011190756,0.999951771228789
22.298200607299805,-0.37162506580352783,1.4010957479476929,0.0006859825050167916,-0.004044199342169214,-0.008276760656128684,0.9999573445163374
23.34653663635254,-0.37659525871276855,1.4586594104766846,-0.0005249369399087941,-0.0027671732969003215,-0.00715997845504761,0.9999703984051612
27.51462745666504,-1.5538409948349,2.7883217334747314,-0.010937921798139138,-0.005649530096891951,-0.05058666103141993,0.998643782473527
28.090925216674805,-1.5913925170898438,2.8398683071136475,-0.012344798849269614,-0.006158207050248037,-0.0495833529649142,0.9986747140522497
28.759737014770508,-1.6230417490005493,2.854732036590576,-0.011187472763579037,-0.008194850843366708,-0.04857350242615113,0.9987233327377724
29.459003448486328,-1.6286227703094482,2.7809183597564697,-0.005766168735307372,-0.01325519417507141,-0.04756450804742506,0.9987635568121218
30.09033966064453,-1.642091155052185,2.669170618057251,0.0013206688571817395,-0.019227194128412443,-0.04664732427723454,0.9987254812456058
30.630489349365234,-1.661754846572876,2.583555221557617,0.006500183793637223,-0.023750266203663314,-0.04620856549898653,0.9986282790208137
31.07638931274414,-1.680019736289978,2.5336649417877197,0.010415104057637669,-0.026709897596123276,-0.045816842795762994,0.9985383945403251
31.44535255432129,-1.7113627195358276,2.5479772090911865,0.012080704352496583,-0.02685462090333185,-0.04572195119067312,0.9985201062698157
31.79798126220703,-1.7544288635253906,2.633594512939453,0.008825181307397602,-0.024799813437555156,-0.04608551774040954,0.998590616117719
32.11568069458008,-1.7910290956497192,2.7441349029541016,0.003418431298986003,-0.021632161546897427,-0.04579131944984965,0.9987109339668506
32.479347229003906,-1.8445709943771362,2.8601176738739014,3.525499050315258e-05,-0.01936746955137625,-0.04559521940868407,0.9987722399864896
32.91960906982422,-1.8832288980484009,2.9363455772399902,-0.0020505157025102042,-0.0178093930560765,-0.045207904215895156,0.9988167363406318
33.346012115478516,-1.902023196220398,2.9729979038238525,-0.0028465001437752635,-0.017677246580514352,-0.04462321344270683,0.9988434108240293
33.790897369384766,-1.9327396154403687,2.9881696701049805,-0.002454430510344218,-0.01797577144755479,-0.04392892621923895,0.9988698906608501
34.18703079223633,-1.9509462118148804,3.000037908554077,-0.0020112175263283212,-0.018610497566236704,-0.04315825481078063,0.9988928716065887
34.589935302734375,-1.9872283935546875,3.028919219970703,-0.000982336854854092,-0.019585136432898255,-0.042220677452845246,0.9989158445649633
35.01757049560547,-2.018319606781006,3.0640900135040283,-0.0008975059734900074,-0.020153471129998074,-0.04128133380148984,0.9989438887590347
35.39960861206055,-2.0293593406677246,3.096360445022583,-0.001985113591858246,-0.020350637888232655,-0.04050637087168048,0.9989700377689855
35.78639221191406,-2.0562915802001953,3.146658420562744,-0.004474024683956676,-0.021036355582943003,-0.039493558942217885,0.9989883476351961
36.13245391845703,-2.068333864212036,3.1802518367767334,-0.004831010035954308,-0.02119431520141726,-0.038665026548653746,0.9990157558708905
36.504085540771484,-2.0932579040527344,3.207217216491699,-0.004075514996944287,-0.021026271857043515,-0.03761517563539458,0.9990627322108692
36.85289764404297,-2.1076526641845703,3.2359676361083984,-0.0037455103883308,-0.021570464572018885,-0.036702998200386666,0.9990863575143587
37.236297607421875,-2.1286702156066895,3.2673819065093994,-0.003770846940531935,-0.022133764005585033,-0.03561673091782117,0.9991132634295755
37.597694396972656,-2.1390159130096436,3.2926909923553467,-0.004198432905817784,-0.022773399126744684,-0.034598866169954105,0.9991329353114758
37.986270904541016,-2.162452220916748,3.324791431427002,-0.0038591858983397964,-0.023177633168774053,-0.03353806055498119,0.9991611971173873
38.341163635253906,-2.177546977996826,3.3578784465789795,-0.0031922006472286366,-0.023653721256733103,-0.03263351006483086,0.9991823444788224
38.71760559082031,-2.1981520652770996,3.4023125171661377,-0.0030196674419688133,-0.023758314972104445,-0.031706640900777475,0.9992102618897115
39.04515838623047,-2.206629991531372,3.4396755695343018,-0.003308267295521919,-0.02400563427294305,-0.03097795884681587,0.9992262708009578
39.39299011230469,-2.229310989379883,3.4806599617004395,-0.003044811672491835,-0.023982510518671424,-0.03030969891485029,0.9992481624041418
39.71012878417969,-2.2433435916900635,3.515109062194824,-0.0029575622133986615,-0.023913493453780153,-0.029869486714614233,0.9992633430844168
40.05405807495117,-2.2651963233947754,3.554605007171631,-0.003119338967141103,-0.024198015403670593,-0.029579482508666204,0.9992646106160509
40.37044906616211,-2.2820799350738525,3.5835697650909424,-0.002815697180498447,-0.024692323754157003,-0.029261578470152986,0.9992627913348503
40.71704864501953,-2.3002917766571045,3.6113789081573486,-0.0026510048298340437,-0.02508067979793471,-0.029046720717949514,0.9992598312677852
41.033546447753906,-2.3120028972625732,3.6348674297332764,-0.0026920325511603106,-0.025492986882978717,-0.02881296751310864,0.9992560435621273
41.376644134521484,-2.3335392475128174,3.668367862701416,-0.002351904995980938,-0.025631955306276585,-0.028779657257362035,0.9992543286513006
41.68616485595703,-2.349897623062134,3.6987786293029785,-0.0022388603620550557,-0.025759961428184635,-0.028981721281151757,0.999245433436179
42.02927017211914,-2.3746767044067383,3.735208511352539,-0.0020448102261097613,-0.025315386323892377,-0.029339186267444476,0.9992467830086986
42.338523864746094,-2.3912429809570312,3.7709951400756836,-0.0023391125729090617,-0.024902156651467472,-0.029740079071413593,0.9992446803590083
42.6695671081543,-2.417814254760742,3.8139734268188477,-0.00269519098792544,-0.024428598846992517,-0.030086917609156685,0.9992450904506073
42.9564208984375,-2.435840606689453,3.848076105117798,-0.0029382908705989155,-0.024161075974276188,-0.030497875492468015,0.9992384469459823
43.27445602416992,-2.4629597663879395,3.8842597007751465,-0.0030179809485968287,-0.023618158507806224,-0.031169063933926287,0.999230491086028
43.63034439086914,-2.492563486099243,3.9250006675720215,-0.0035162905179879746,-0.023083124340087045,-0.032096441235918795,0.9992119917890812
43.931514739990234,-2.5139505863189697,3.9535014629364014,-0.004092571809118196,-0.022946842928261837,-0.03313832619420291,0.9991789442280555
44.25096130371094,-2.552839756011963,3.983509063720703,-0.0043643347407974886,-0.022548391052779233,-0.034711278700031524,0.9991334349334555
44.52623748779297,-2.5866103172302246,4.013059616088867,-0.004247577610313303,-0.022434097010352046,-0.036380104279979626,0.9990771401328695
44.82568359375,-2.6318700313568115,4.054808139801025,-0.003399805009560832,-0.022482532646569773,-0.03853407682929697,0.998998542840905
45.144683837890625,-2.6861000061035156,4.109657287597656,-0.002797294114304458,-0.023087176825513013,-0.0415053288555603,0.9988675783650446
45.402748107910156,-2.733518600463867,4.140893459320068,-0.002970418300107719,-0.023885474641903003,-0.04454565999121093,0.9987173422557578
45.67903518676758,-2.7910079956054688,4.158720970153809,-0.0035936289918225865,-0.023740014563351203,-0.04930349755481295,0.9984951915997682
45.99046325683594,-2.8771724700927734,4.182921886444092,-0.0026785686116443867,-0.02334420982905014,-0.054876743414654414,0.9982166257902013
46.259822845458984,-2.9610278606414795,4.197957992553711,-0.001543415515061711,-0.023338743246261694,-0.06030681779952303,0.997905818280297
46.55516815185547,-3.0501418113708496,4.219812870025635,-0.0005630143156667519,-0.02297852477295261,-0.0670377608548335,0.9974856282276827
46.874515533447266,-3.1593265533447266,4.245630264282227,0.00021148516410664963,-0.022767650251816745,-0.0749481462454997,0.9969274510064937
47.12895584106445,-3.272643566131592,4.257152557373047,0.0010105411776554528,-0.023066336195202868,-0.08203289509823684,0.9963621413727171
47.40436935424805,-3.3826656341552734,4.276434421539307,0.0018646965000047432,-0.022931790057690235,-0.0901620734670335,0.9956613387464537
47.64187240600586,-3.4948859214782715,4.300790786743164,0.0025512030778433734,-0.02324106186569294,-0.09760420500682368,0.9949506446204438
47.920188903808594,-3.6143343448638916,4.336578369140625,0.0033924498014375635,-0.022952407126820826,-0.10624298024733418,0.9940694772259017
48.2336540222168,-3.767230749130249,4.378353595733643,0.005420050936889033,-0.022233695302155725,-0.11642824759254954,0.9929354169099426
48.484657287597656,-3.9296011924743652,4.406092166900635,0.007625618321900084,-0.021943208968203873,-0.12549567740028053,0.9918221454323226
48.75792694091797,-4.086740016937256,4.431545734405518,0.008662606949644547,-0.020751869790422504,-0.13570422312168812,0.9904941616839478
48.98691177368164,-4.236373424530029,4.44840145111084,0.008415162856464346,-0.019808974362390392,-0.14468854333462688,0.9892431485895875
49.2424430847168,-4.388684272766113,4.470165729522705,0.007303691102184306,-0.018950810765980243,-0.1551292364099414,0.9876853895603558
49.454132080078125,-4.55293607711792,4.483287811279297,0.007674299114922725,-0.019172558593899526,-0.1648390737608861,0.986104256180024
49.69927978515625,-4.739591121673584,4.501187801361084,0.009731300815339888,-0.01919631374778874,-0.17670120311296839,0.984029217190805
49.90761947631836,-4.940054893493652,4.514597415924072,0.011377295046940605,-0.01954884034452005,-0.18779447771399216,0.981947873626781
50.14956283569336,-5.152716159820557,4.536351680755615,0.012743213995230155,-0.01945752060148492,-0.20065142664811314,0.979386541691724
50.353355407714844,-5.374083042144775,4.548561096191406,0.013619778212989339,-0.019636323522325427,-0.21191195613981487,0.976996538981415
50.592403411865234,-5.600179195404053,4.570069313049316,0.01480931066276322,-0.019869237110602376,-0.2243303823432525,0.9741980041889131
50.79253005981445,-5.824024677276611,4.584514617919922,0.01576741340150425,-0.020157121858053153,-0.2349416346728087,0.9716725334785912
50.96271514892578,-6.0209503173828125,4.600343227386475,0.015727742036395563,-0.020246384595196825,-0.24397163248312342,0.9694434422053926
51.18931579589844,-6.223028659820557,4.6314167976379395,0.016041693163862624,-0.019753545527412868,-0.25506848738985993,0.9665880690608083
51.3773078918457,-6.436497688293457,4.654068470001221,0.017202727345812185,-0.020155924343453716,-0.2652677689566922,0.9638105721741054
51.59486770629883,-6.674984455108643,4.676224708557129,0.01882886880340024,-0.020598222404242906,-0.2770098802080812,0.9604617235836782
51.77304458618164,-6.922122001647949,4.694452285766602,0.020330023278499094,-0.020973124862382772,-0.28740072128001054,0.9573649544762254
51.92158508300781,-7.147703170776367,4.712137699127197,0.021621375444792628,-0.021225271721257485,-0.29635656538372634,0.9545966653019131
52.12456130981445,-7.383756637573242,4.73494815826416,0.022947387076693956,-0.02125154724200156,-0.3079796548484333,0.9508787169450906
52.29844665527344,-7.62931489944458,4.74949836730957,0.023928879777520215,-0.021305237423631315,-0.3185485550686482,0.9473649277695867
52.50261306762695,-7.906241416931152,4.766619682312012,0.02506061844120796,-0.02074611269211848,-0.33089081230063544,0.9431080690763961
52.66895294189453,-8.19109058380127,4.7776007652282715,0.0258680889867823,-0.020616747976456344,-0.3418400234136116,0.9391757849152217
52.871124267578125,-8.491146087646484,4.791161060333252,0.026201029056270083,-0.019826017778036043,-0.35466590151604754,0.9344156151176538
53.026214599609375,-8.792996406555176,4.80681848526001,0.027143290533226797,-0.01979247278776411,-0.36579390108213905,0.9300894068867221
53.20511245727539,-9.105859756469727,4.822725772857666,0.028937393120646665,-0.019594392516198555,-0.37862568383129985,0.9248898798244024
53.34772872924805,-9.416703224182129,4.828550338745117,0.030183999269589375,-0.019300863794478568,-0.3895681660437803,0.920300537381362
53.51987838745117,-9.740251541137695,4.837520122528076,0.031023090520685085,-0.017813975630827816,-0.40251470745030454,0.9147142466839916
53.65633010864258,-10.058878898620605,4.847412109375,0.03140027899547879,-0.01653198587300754,-0.413672857143793,0.909733760172514
53.82106399536133,-10.393594741821289,4.854435443878174,0.03146418724521265,-0.014400823299062528,-0.42708622307615285,0.9035485469033401
53.99356460571289,-10.77402400970459,4.864585876464844,0.031965655534359816,-0.012625630810751756,-0.4422756432342376,0.8962204156033653
54.110496520996094,-11.158773422241211,4.871603965759277,0.032494707062354966,-0.011840674263142082,-0.4540385032705593,0.8903105916986604
54.25044250488281,-11.55206298828125,4.870288372039795,0.031847771475114584,-0.010249682683911469,-0.4679169870482454,0.8831389338480073
54.41166305541992,-11.984410285949707,4.868928909301758,0.030244001017619298,-0.007276618057852173,-0.48326739750548847,0.8749200069102003
54.516136169433594,-12.405879974365234,4.875600337982178,0.029462365985141264,-0.005003785193814076,-0.49451600123577044,0.8686546252747669
54.641937255859375,-12.833230972290039,4.866244792938232,0.0298666215799946,-0.0018033633811218538,-0.5077258312587258,0.8609989687789386
54.7799186706543,-13.300851821899414,4.857913970947266,0.030135350540564737,0.0018977744091333044,-0.5223335841837909,0.8522064897416917
54.900062561035156,-13.815309524536133,4.852019309997559,0.029825949279695518,0.004961875108969469,-0.5373368647038355,0.8428255376702004
54.994075775146484,-14.376964569091797,4.852750778198242,0.03079189694903533,0.006394120386277713,-0.5518031157593797,0.8333812426663266
55.0393180847168,-14.893750190734863,4.8532843589782715,0.030917285699811656,0.006140939627915528,-0.5604675876612998,0.827576280035618
55.11684799194336,-15.376883506774902,4.84688138961792,0.030797401485698754,0.006262141727447389,-0.5750918133720132,0.817484987132726
55.20255661010742,-15.91031551361084,4.839529514312744,0.030101933060473818,0.007393510799321062,-0.587521228695693,0.808614873379843
55.260440826416016,-16.481552124023438,4.83638334274292,0.029823236540699443,0.00774061901903464,-0.5991475927453235,0.8000455267811593
55.317291259765625,-17.0762996673584,4.833229064941406,0.028877472910189654,0.0080728178697905,-0.6098631254727791,0.7919393444188825
55.340843200683594,-17.5929012298584,4.83910608291626,0.02710833691469773,0.009182540621088869,-0.6161224117719897,0.7871302254047359
55.37224197387695,-18.056142807006836,4.8340911865234375,0.0262250486398616,0.010139924462365404,-0.6304233118843048,0.7757421460625401
55.38471984863281,-18.615114212036133,4.841887950897217,0.0255665463200877,0.009439634580929142,-0.6335538322079469,0.7732184706844949
55.31024169921875,-19.13450813293457,4.829098224639893,0.029488885536189745,0.006428713584698513,-0.6491007544950048,0.7601034693021861
55.307830810546875,-19.674535751342773,4.830496788024902,0.03176013073924154,0.004157795076678973,-0.6562570266066443,0.7538572157098447
55.28000259399414,-20.177223205566406,4.820821285247803,0.03258654215810264,0.0031723672602832365,-0.6638362058402879,0.7471609821025333
55.225791931152344,-20.676315307617188,4.8280229568481445,0.03272426548348427,0.002969149324369917,-0.6741470839215392,0.737865857172617
55.19432067871094,-21.12751007080078,4.84913444519043,0.030446021998480555,0.0030885961031033174,-0.6745491222467248,0.7375953833879473
55.102352142333984,-21.51256561279297,4.843230724334717,0.0320337197484898,0.002711077794344673,-0.6873101971416308,0.7256522603997009
55.06258773803711,-21.96363639831543,4.8464250564575195,0.03247008889666925,0.003392278117768426,-0.6900159750397844,0.7230575066129519
54.94399642944336,-22.371980667114258,4.825144290924072,0.036932170737089064,0.0021360692102600247,-0.7080367505668866,0.7052059092462689
54.850303649902344,-22.860519409179688,4.808578968048096,0.04013547145811429,0.0011235252811218073,-0.7193359818590607,0.6935009825186587
54.79933547973633,-23.417953491210938,4.8035454750061035,0.04054046211855126,0.0004693570490525781,-0.7189206777905333,0.6939087323415172
54.699527740478516,-23.88912010192871,4.794707775115967,0.040846210957229484,-0.0004822576154283695,-0.7216861995727114,0.6910140230247599
54.58936309814453,-24.259857177734375,4.78911828994751,0.040807723646398925,-0.0011372352652530779,-0.726109968148555,0.6863655821827213
54.477684020996094,-24.564775466918945,4.7839531898498535,0.04166581322710384,-0.001160868313413481,-0.7349976730346854,0.6767872986968636
54.43857192993164,-24.899965286254883,4.799709796905518,0.039623099278992616,0.00047922520686828884,-0.729104765112973,0.6832539763046164
54.338470458984375,-25.170272827148438,4.78935432434082,0.039792232767062743,-0.0001693343706957996,-0.730562453970547,0.6816854489516749
54.17352294921875,-25.38484001159668,4.7616190910339355,0.0446523615116776,-0.004085295456229705,-0.748476658925587,0.6616434973270284
54.042118072509766,-25.677114486694336,4.743915557861328,0.04818418653360606,-0.006839108560710024,-0.7605109500629453,0.6474987208876624
53.9370231628418,-26.054475784301758,4.7367682456970215,0.050083474061200346,-0.00790837799481044,-0.7666675205018358,0.6400391004490775
53.87743377685547,-26.505107879638672,4.752466678619385,0.04890402244964398,-0.00619195919121647,-0.7633862697026538,0.6440586264603474
53.72692108154297,-26.94536590576172,4.751163005828857,0.048696324193680945,-0.004727730213147807,-0.7667014932455984,0.6401368176818818
53.47739791870117,-27.38066291809082,4.734063148498535,0.05059878862792959,-0.0043204422807498226,-0.7788168509672208,0.6251923384352891
53.29570770263672,-27.84836196899414,4.732802391052246,0.050211380042093245,-0.0027466688556608476,-0.7823721791318204,0.6207777665033546
53.14982223510742,-28.248634338378906,4.6675825119018555,0.05118161285139963,-0.0030927291899736646,-0.7867470177735699,0.6151422855544991
52.97687530517578,-28.613161087036133,4.6184468269348145,0.05358702959230934,-0.0039455353068009735,-0.792151389240179,0.607954760527512
52.8390998840332,-28.92249298095703,4.609908103942871,0.055004609682672505,-0.005717748067410988,-0.795435943091846,0.6035092856558776
52.648345947265625,-29.237735748291016,4.597320079803467,0.05639873433618229,-0.007505342151231085,-0.8007571641255576,0.5962808527851436
52.470970153808594,-29.60780906677246,4.588630199432373,0.05618438346967897,-0.0074676710120129735,-0.8054206234420498,0.5899874152239541
52.329463958740234,-29.959243774414062,4.58566951751709,0.05528236490760067,-0.007222901305784511,-0.8080938876483273,0.5864093470116831
52.12239456176758,-30.311565399169922,4.5718231201171875,0.05592775915858626,-0.008418431487866994,-0.8127960593995697,0.5797963597990351
52.00478744506836,-30.634212493896484,4.56666898727417,0.055481334722832044,-0.008881464321227278,-0.8137680806909375,0.5784673643620569
51.788238525390625,-30.956806182861328,4.552687644958496,0.05605403919863819,-0.010497926484885697,-0.8198430077617234,0.5697413288618266
51.658260345458984,-31.292577743530273,4.557283401489258,0.05433522702451748,-0.01024474376002138,-0.8192294451537769,0.5707940198303693
51.43856430053711,-31.6636962890625,4.553772449493408,0.05412839147484533,-0.010819330555993266,-0.8247430194840651,0.5628072310227002
51.30673599243164,-32.0092658996582,4.558292388916016,0.05226766474576653,-0.009843098074858513,-0.8244759832277565,0.563392031194873
51.08628845214844,-32.38215637207031,4.533290863037109,0.05314439196346875,-0.009418846208479189,-0.8295738410991518,0.555782520023554
50.952117919921875,-32.72480010986328,4.503851413726807,0.05312670614248018,-0.008267515397217576,-0.8276199663235891,0.5587077924715487
50.742820739746094,-33.128570556640625,4.467461585998535,0.05423671277347326,-0.007867185509766093,-0.8304976159642335,0.5543195484623802
50.50543212890625,-33.54489517211914,4.438894748687744,0.056855189202832605,-0.009151854123048322,-0.8340216819890786,0.5487181190123418
50.3147087097168,-33.94538497924805,4.41589879989624,0.057561510021776424,-0.00958256817138406,-0.8354609824767715,0.5464428420300383
50.1028938293457,-34.329627990722656,4.397907257080078,0.05821091128372064,-0.009526095438510272,-0.8374347641786518,0.5433449231110584
49.91573715209961,-34.71308517456055,4.380935192108154,0.058110057582047035,-0.009413264957819785,-0.8388572660627286,0.541159070274977
49.743255615234375,-35.086822509765625,4.352404594421387,0.05734814035704464,-0.004551354733480241,-0.8387005046770162,0.5415459110076759
49.506832122802734,-35.48395919799805,4.3543291091918945,0.05794991853921875,-0.008716775336242079,-0.8425403152422587,0.5354359237075068
49.35763168334961,-35.84982681274414,4.364952564239502,0.05645492546628626,-0.009359108792982462,-0.8410229030013496,0.5379644350205124
49.13103485107422,-36.25457000732422,4.333001136779785,0.05773746695702804,-0.009431159985758771,-0.8438218904064615,0.533424792481966
48.984466552734375,-36.62994384765625,4.298224449157715,0.057535374839203395,-0.008534541919882828,-0.8399500914779461,0.5395374141090215
48.7661247253418,-37.06626892089844,4.255484104156494,0.05879864813772324,-0.008445769831815437,-0.8419688368792477,0.5362460254864245
48.56574630737305,-37.470760345458984,4.245771884918213,0.05913733878462219,-0.008932160983372352,-0.8431302209264248,0.5343728770944467
48.38261032104492,-37.86370086669922,4.224922180175781,0.05938669306114439,-0.008484153561125949,-0.8430340448426786,0.5345042775030235
48.18213653564453,-38.269107818603516,4.2163405418396,0.05902788212167266,-0.008689579040536717,-0.8432695981499779,0.5341690592432025
48.002418518066406,-38.67912292480469,4.195742130279541,0.058626221572093636,-0.009113628443386767,-0.8429951745603126,0.5346391713648037
47.79853820800781,-39.09192657470703,4.179016590118408,0.058573396722216335,-0.009675662866770122,-0.8431247564374231,0.5344306872168616
47.617279052734375,-39.513797760009766,4.159269332885742,0.05831365392994797,-0.009075544269681683,-0.8428872961774904,0.534844077731764
47.41050720214844,-39.93779754638672,4.146722793579102,0.058754540140297254,-0.009367245422679346,-0.8427520685256715,0.5350038074643135
47.219520568847656,-40.38017654418945,4.127401828765869,0.05888599811082344,-0.010113094549369045,-0.8421951355982102,0.5358521955236905
47.00588607788086,-40.81775665283203,4.102058410644531,0.05938314562986926,-0.010214052601661907,-0.8420446980232057,0.5360318281612816
46.75679016113281,-41.348838806152344,4.075509548187256,0.05998220529697404,-0.010254673607904578,-0.8417124662303189,0.5364859413400752
46.532318115234375,-41.87080383300781,4.0479278564453125,0.06068126725166927,-0.010644350910838046,-0.8411260009111129,0.537318837330687
46.33140182495117,-42.352989196777344,4.018436908721924,0.06094949995136576,-0.010682240623197024,-0.8405465247222256,0.5381938043884519
46.14103698730469,-42.812801361083984,3.992103338241577,0.06054631639745539,-0.01001208964823661,-0.8399256758027608,0.5392205241684535
45.94050598144531,-43.2678108215332,3.987366199493408,0.06040500726620239,-0.009774101060161551,-0.8387963130568681,0.540995821263292
45.71087646484375,-43.817665100097656,3.9686105251312256,0.06009819744242073,-0.008902407414113148,-0.8376730798028376,0.542782429074666
45.492469787597656,-44.391719818115234,3.9511303901672363,0.06008800229069143,-0.009005270538041841,-0.836330121180819,0.5448488097616405
45.28255844116211,-44.922428131103516,3.929537773132324,0.06059663040711271,-0.009949856117189125,-0.834938525125372,0.5469065452741851
45.0863151550293,-45.41675567626953,3.9092824459075928,0.060542398084348956,-0.011059829965167009,-0.8336486414488252,0.5488553566472414
44.85742950439453,-46.005584716796875,3.8858389854431152,0.06011017176868751,-0.010728975457754815,-0.8322942730598915,0.5509608970018832
44.654056549072266,-46.59379577636719,3.8729631900787354,0.058562497464640505,-0.00966799897478419,-0.8308270105036014,0.5533565214504422
44.45053482055664,-47.138671875,3.8491837978363037,0.05770926254995047,-0.009262051876762325,-0.8296589673507483,0.5552025002631785
44.264747619628906,-47.66054916381836,3.82252836227417,0.05681375435918706,-0.008597870938353621,-0.828460651137127,0.5570917744010107
44.05872344970703,-48.177040100097656,3.803825855255127,0.05730673959511718,-0.009834663356707548,-0.8271747184132026,0.5589285827346828
43.87129592895508,-48.71335983276367,3.7850639820098877,0.05782999559965293,-0.01110634754841649,-0.8255263349118264,0.5612829871137253
43.66158676147461,-49.347442626953125,3.7683141231536865,0.05787716161303739,-0.011194230526416084,-0.8235674626949251,0.564146724288124
43.466487884521484,-50.00396728515625,3.744389057159424,0.056285736543504064,-0.009666329828223914,-0.8211620236071233,0.5678305246518629
43.2796630859375,-50.5921745300293,3.7325937747955322,0.055728344249953266,-0.009859225415965131,-0.818722767890558,0.5713931518672395
43.1204833984375,-51.1444091796875,3.719285726547241,0.05527070714743284,-0.01007359828015421,-0.8162628053236458,0.5749423858554407
42.958377838134766,-51.6756591796875,3.7145659923553467,0.055686054277535264,-0.011013357713509095,-0.813973967321728,0.5781212110652999
42.78106689453125,-52.306209564208984,3.708125591278076,0.055885727247322645,-0.01122013048693588,-0.811208977360203,0.5819715622884818
42.60556411743164,-52.983760833740234,3.6989006996154785,0.05542921964411557,-0.011308897686139345,-0.8081748767273276,0.58621937647386
42.4553108215332,-53.60523986816406,3.6887879371643066,0.05402893694727226,-0.011425942080405678,-0.805570492387215,0.589920771540571
42.315792083740234,-54.18390655517578,3.6659562587738037,0.05281406727667831,-0.010929617152700364,-0.8032680708432338,0.5931708372229753
42.1405143737793,-54.85478210449219,3.6522445678710938,0.05267617828776844,-0.011028892214889433,-0.8005195777852806,0.5968852274452875
41.98017501831055,-55.50558853149414,3.647522211074829,0.05302871709717898,-0.012361464622422064,-0.7977498235116404,0.6005250543267908
41.85403823852539,-56.10639953613281,3.6347248554229736,0.05315011301257723,-0.012938031060222776,-0.7951861289213823,0.6038929275286795
41.722984313964844,-56.68242263793945,3.6152100563049316,0.05354359169476914,-0.01298994070614674,-0.7928068685885507,0.6069774535114427
41.57858657836914,-57.35731506347656,3.605642557144165,0.053933584448571645,-0.012336532499719765,-0.7900722902200275,0.610511914360945
41.463077545166016,-58.02569580078125,3.601318359375,0.052953015561724,-0.011182916589770383,-0.7875662000439637,0.6138488396607059
41.33625793457031,-58.63730239868164,3.587538719177246,0.053095261279478195,-0.011063344803402077,-0.7851474297876947,0.6169294892394748
41.202003479003906,-59.3405876159668,3.572650194168091,0.054084518175370515,-0.01074788222335836,-0.7821753250258167,0.6206135452909487
41.099037170410156,-59.98579788208008,3.5669398307800293,0.05394080230269135,-0.011004777642710482,-0.7795513052632177,0.6239142732847134
41.00130081176758,-60.566741943359375,3.5573761463165283,0.05361246367393496,-0.011684583755646651,-0.7772735640193418,0.6267655172138951
40.91905212402344,-61.12786865234375,3.5403518676757812,0.05300679527932128,-0.011344590146315087,-0.775111492310679,0.6294948447630329
40.82520294189453,-61.788185119628906,3.529085636138916,0.05200915306300627,-0.010307415854151078,-0.7724316851052494,0.6328807576183381
40.724971771240234,-62.467716217041016,3.5293593406677246,0.05169518207207787,-0.010804848712604271,-0.7699265543091088,0.6359433677646322
40.6606559753418,-63.077293395996094,3.5028772354125977,0.05108903061578345,-0.010080372695802827,-0.7672872024116264,0.639185920236869
40.584922790527344,-63.63713073730469,3.4742770195007324,0.05107137704706079,-0.009375023460127644,-0.7649359742491804,0.6420099564087388
40.50893020629883,-64.17603302001953,3.467667579650879,0.051713653399163416,-0.009623670599467324,-0.7626915410643759,0.644619796912791
40.4437255859375,-64.81494140625,3.467331647872925,0.05219087324144054,-0.00886691503034066,-0.7599560836841927,0.6478149487669502
40.399322509765625,-65.45899963378906,3.4845664501190186,0.05012524581831253,-0.007914957536496587,-0.7574374811784823,0.650932667508732
40.3260383605957,-66.04251861572266,3.471686363220215,0.050272598197564834,-0.00799361709921645,-0.7550339713903709,0.6537067513492836
40.2847900390625,-66.5726547241211,3.46880841255188,0.05010542229923407,-0.00837125768010082,-0.752816059617667,0.6562677193701769
40.245361328125,-67.078125,3.4664480686187744,0.04985626267002456,-0.008761065702728398,-0.7505507215723494,0.6588711786649644
40.19662857055664,-67.60340881347656,3.4735336303710938,0.049879491927951505,-0.00950688930627168,-0.7483085526562573,0.6614045453855059
40.1625862121582,-68.1402816772461,3.4621174335479736,0.05081298389998621,-0.009635941685560888,-0.7458876795009135,0.6640607903963409
40.12087631225586,-68.67281341552734,3.471832036972046,0.05131243718211084,-0.010764376718548298,-0.7436294208812755,0.6665331683879085
40.09866714477539,-69.18649291992188,3.481487274169922,0.05120470857402395,-0.011444293726448,-0.7416290396994399,0.6687551269824926
40.06254577636719,-69.70337677001953,3.473925828933716,0.05063068744188013,-0.010841949063083577,-0.7397414489746199,0.6708960831557808
40.0454216003418,-70.21784210205078,3.485255241394043,0.050148705734537564,-0.011516157268358727,-0.7382910714476053,0.6725167519714679
40.013397216796875,-70.72185516357422,3.4803903102874756,0.050055069015946765,-0.01201202011735182,-0.7367011406478593,0.6742563338319036
40.0054817199707,-71.21473693847656,3.4793307781219482,0.04845119659914663,-0.011629506561259252,-0.7355270969054929,0.6756605125903428
39.97136306762695,-71.70773315429688,3.473989725112915,0.04777929656185232,-0.011943738402304165,-0.7339363279369394,0.6774303705384223
39.933624267578125,-72.19286346435547,3.4852659702301025,0.05349528685115113,-0.017417561541630076,-0.7327772425108083,0.6781389268530541
39.9402961730957,-72.59559631347656,3.468318462371826,0.050408542447664816,-0.015571414490823613,-0.7311787410070886,0.6801427229318932
39.920772552490234,-73.0029525756836,3.454627752304077,0.04804667760018068,-0.013590110428284676,-0.7300326569991135,0.6815857318646865
39.89995574951172,-73.44634246826172,3.4599969387054443,0.04705935513439735,-0.012713723594546146,-0.7289095294188744,0.6828723656993535
39.88479995727539,-73.91836547851562,3.464815139770508,0.047634266163078844,-0.012720476999844951,-0.7275772823906494,0.6842517410830394
39.89421844482422,-74.39920043945312,3.464226722717285,0.047283862441779866,-0.012450618486591769,-0.7259735966051807,0.6859821699593291
39.879329681396484,-74.78998565673828,3.455678701400757,0.046663004569360206,-0.012118316540961132,-0.7252618712799959,0.6867830415104282
39.87263488769531,-75.15769958496094,3.4530842304229736,0.04598385286377387,-0.011698197888461043,-0.723916949731714,0.6882534937290125
39.85202407836914,-75.55097198486328,3.460914373397827,0.04667486015669704,-0.012434051411613477,-0.7228826974085845,0.6892804173994469
39.85188674926758,-75.9020004272461,3.4679641723632812,0.0466161322068335,-0.012882835400872346,-0.7219626029832419,0.6902397891449169
39.8529167175293,-76.28004455566406,3.457921028137207,0.046303854693690485,-0.011952886246575452,-0.7207957786343405,0.6914958666789459
39.84501266479492,-76.69865417480469,3.460684299468994,0.04652047565461158,-0.011547030623257595,-0.7195772550167706,0.6927561728490866
39.84463119506836,-77.07929992675781,3.4632186889648438,0.04682623087433201,-0.011480384956328759,-0.7185148289383969,0.6938385798419681
39.83452224731445,-77.48079681396484,3.473802328109741,0.0466395048789874,-0.01220437404356516,-0.7171443921721371,0.6952551780603534
39.84682083129883,-77.83182525634766,3.462005376815796,0.046523415390438756,-0.012109280624107354,-0.7163653741964153,0.696067236024502
39.84773254394531,-78.20447540283203,3.448396682739258,0.046468371920763835,-0.011132013845861785,-0.7153014742511214,0.6971804188777385
39.855587005615234,-78.61544799804688,3.458505868911743,0.04617286021872575,-0.010449951667065305,-0.714011028777865,0.6985321473230561
39.85892105102539,-78.9942855834961,3.467928171157837,0.04654354226679322,-0.010543020088955335,-0.712966099732061,0.6995726211383446
39.85234832763672,-79.39495086669922,3.4819207191467285,0.047616842767127646,-0.011435477830790753,-0.7115938406899721,0.7008823717586271
39.87202072143555,-79.74423217773438,3.493683338165283,0.04703402440112706,-0.011422452057127311,-0.7107502908015024,0.7017772738749262
39.87388610839844,-80.10826873779297,3.4983668327331543,0.046223156367653416,-0.010819868483537312,-0.7096490349952044,0.7029542113710026
39.88349533081055,-80.44255828857422,3.506155014038086,0.04609259256204829,-0.01118062582796316,-0.7087805522694209,0.7038327943679225
39.888587951660156,-80.8042984008789,3.5141334533691406,0.046520992152059425,-0.011907351066054443,-0.7077015942440924,0.7048776183316179
39.90431213378906,-81.14634704589844,3.51029896736145,0.046493949738501704,-0.012036343211320237,-0.706744673709334,0.705836649433159
39.91184616088867,-81.52803039550781,3.5126171112060547,0.046457659970454306,-0.01217256168556652,-0.7056431721583283,0.7069379250718086
39.920074462890625,-81.96153259277344,3.525197982788086,0.046774211929723,-0.012662381427915575,-0.7046619745698911,0.7078865118362971
39.936180114746094,-82.37183380126953,3.5303497314453125,0.04647053708328994,-0.012789839874707715,-0.7040176628882477,0.7085450318685839
39.9409294128418,-82.80366516113281,3.5334343910217285,0.04494495045353333,-0.01231475993559233,-0.7033320485794231,0.7093323172017304
39.955841064453125,-83.18505859375,3.5223140716552734,0.04553518327148209,-0.01264644141010573,-0.7027822055058742,0.7098336199093345
39.956722259521484,-83.56880950927734,3.5311455726623535,0.04688605351935414,-0.013603465362932193,-0.7023399082324288,0.7101656855951994
39.970298767089844,-83.91969299316406,3.5377609729766846,0.04718155519052616,-0.013459660375851659,-0.7019695831828887,0.7105149250189919
39.97163391113281,-84.29508972167969,3.5372684001922607,0.04773179613175172,-0.012778877305266632,-0.7018211531728025,0.7106373583693881
39.976806640625,-84.6489028930664,3.5480897426605225,0.04817914034517055,-0.012879727783206394,-0.7017018069337456,0.7107231853966094
39.97952651977539,-85.04486846923828,3.545501232147217,0.0486277675628128,-0.012533287606841375,-0.7016073473899196,0.7107920691143074
39.991600036621094,-85.43036651611328,3.56298828125,0.047948044471421015,-0.01320036149441656,-0.7014663342750451,0.7109653767423194
39.988590240478516,-85.85606384277344,3.5456652641296387,0.04847949086575969,-0.013163805902210678,-0.7014601267699034,0.7109361074769353
40.0017204284668,-86.26405334472656,3.5351459980010986,0.0487751610654469,-0.01291864734293514,-0.7013031327912944,0.7110752212046261
40.00908279418945,-86.69759368896484,3.5296289920806885,0.048726457841588994,-0.012048688093592136,-0.7012724464288979,0.7111241217197154
40.02022933959961,-87.10626220703125,3.53064227104187,0.04873275470285476,-0.011541294580968552,-0.7011290135582895,0.7112735099004515
40.01579666137695,-87.53406524658203,3.5336616039276123,0.0495482146144253,-0.011724330790018297,-0.7009678772319837,0.7113730287335626
40.023441314697266,-87.93521881103516,3.538861036300659,0.0500718870128904,-0.01231844281235269,-0.7007978969565221,0.7114937557704417
40.027103424072266,-88.36065673828125,3.548175573348999,0.05009086145844838,-0.012862305997497318,-0.7007376555731252,0.7115421203314406
40.04206848144531,-88.76620483398438,3.5446715354919434,0.04951223809319625,-0.012952479707640649,-0.7006675843855539,0.7116499860402068
40.05681610107422,-89.13630676269531,3.5272843837738037,0.048645729099573126,-0.01256597008051411,-0.700520262725135,0.7118616549245353
40.057884216308594,-89.53547668457031,3.51806640625,0.04866055339780847,-0.012703712668194825,-0.7003428619536808,0.7120327392737924
40.05909729003906,-89.99269104003906,3.5237410068511963,0.04964853383287289,-0.013527463159966892,-0.7000900795423826,0.7121979267862301
40.08526611328125,-90.4501724243164,3.5286948680877686,0.04916344140234929,-0.013294545283669667,-0.6998765938339636,0.7124457875523416
40.093902587890625,-90.934814453125,3.531179666519165,0.04852250915329525,-0.012859856012236012,-0.6996413055345301,0.7127287239931368
40.1113395690918,-91.39224243164062,3.52913236618042,0.04790723518071673,-0.012661501137270006,-0.6993337279779416,0.7130757098116183
40.10907745361328,-91.86304473876953,3.5241594314575195,0.049322962085112665,-0.014284525382738531,-0.6986393492783018,0.7136289496476221
40.14170837402344,-92.2989730834961,3.52008056640625,0.048551148416472935,-0.014307012237560767,-0.6982602253464244,0.7140523553608656
40.16158676147461,-92.75479888916016,3.5124170780181885,0.04587472194912096,-0.01203406240142002,-0.6976587741101581,0.7148586523086938
40.19056701660156,-93.18494415283203,3.5237128734588623,0.04494352012176543,-0.011646743865702445,-0.6971739436106781,0.7153970109505207
40.2099723815918,-93.63587951660156,3.5265300273895264,0.04541223260246042,-0.011710460004489326,-0.6964006335057595,0.7161192419432723
40.23185729980469,-94.06461334228516,3.5405664443969727,0.04560242535302739,-0.012060441822011388,-0.6957244078783194,0.7167583612442723
40.25407409667969,-94.5183334350586,3.544600248336792,0.04554417508801424,-0.01189503872195299,-0.6947992711681097,0.7176616078798014
40.27789306640625,-94.94743347167969,3.5531036853790283,0.0452163267699214,-0.012026446492229908,-0.694177008854197,0.7182820820985115
40.2995719909668,-95.39424133300781,3.544630527496338,0.04522972197228936,-0.011690490651822719,-0.6931589154488739,0.7192692727315538
40.32457733154297,-95.86166381835938,3.555828094482422,0.04551337976462409,-0.01219213030294741,-0.6923511368208972,0.7200206882825025
40.352394104003906,-96.29582214355469,3.5687971115112305,0.04548187127003693,-0.012896291914627135,-0.6916962302154352,0.7206395936633385
40.37624740600586,-96.7097396850586,3.568352699279785,0.04495181721207716,-0.013117596363958216,-0.6909076836377535,0.7214248914625615
40.4022216796875,-97.08464050292969,3.5666491985321045,0.04446919050314864,-0.013422844639413968,-0.6902908895311503,0.722039304753151
40.415733337402344,-97.45050811767578,3.584660768508911,0.04422785899566556,-0.014071272663801242,-0.689455931653023,0.7228391145336803
40.452457427978516,-97.79536437988281,3.584118604660034,0.043589265529223875,-0.01383529574708714,-0.689075955492336,0.7232447367393241
40.48046112060547,-98.15680694580078,3.558244228363037,0.04412029216701698,-0.013120644684896333,-0.6883990615654431,0.7238701104392329
40.499202728271484,-98.50711822509766,3.5612082481384277,0.04489093191339804,-0.013502300440704476,-0.6877612719874563,0.7244217879150054
40.52040100097656,-98.87616729736328,3.5804128646850586,0.045518940345642966,-0.013874102286889808,-0.6870062377698773,0.72509170683915
40.54540252685547,-99.21876525878906,3.597151756286621,0.045816265726572485,-0.014194535193810597,-0.6864471142994449,0.725596149316244
40.58002471923828,-99.55038452148438,3.593865394592285,0.04452136197780293,-0.013040789373930405,-0.685846780069619,0.7262658005618983
40.59885787963867,-99.8624496459961,3.603280782699585,0.04433712967074366,-0.013485734931048954,-0.6854242446872391,0.7266677067583155
40.63267517089844,-100.15570068359375,3.6054534912109375,0.04457076538340233,-0.01405245300315711,-0.6850468197984084,0.7269984995718766
40.64706802368164,-100.42987823486328,3.6051132678985596,0.044456435500611416,-0.014240306432168866,-0.684647023101511,0.7273784095248221
40.674991607666016,-100.6841049194336,3.6119699478149414,0.043829555729794814,-0.013775103255670695,-0.6842097316035086,0.7278366920191957
40.68307113647461,-100.91458892822266,3.617354154586792,0.04385226131509865,-0.013741462626022228,-0.6838597037246088,0.7281648869241464
40.702754974365234,-101.1232681274414,3.6183314323425293,0.04430072487539339,-0.013419309139086726,-0.6835586640034039,0.728426342317807
40.71751022338867,-101.30033874511719,3.623448371887207,0.04421806614730806,-0.012518482043913074,-0.6833167120852945,0.7286743446268166
40.73545455932617,-101.45258331298828,3.638504981994629,0.04372186261133149,-0.011473752668104563,-0.6830774579911751,0.7289457559867856
40.74687194824219,-101.57095336914062,3.656454563140869,0.04334274907023119,-0.010944504632170967,-0.6828984068306135,0.7291442993968238
40.75346755981445,-101.66533660888672,3.6694743633270264,0.043284555957380094,-0.01109982747373056,-0.6827381528367439,0.7292954755441716
40.75923156738281,-101.73676300048828,3.6725521087646484,0.043177923587003515,-0.011327898414831561,-0.6826636299698625,0.729368016706818
40.76737976074219,-101.78509521484375,3.6664156913757324,0.042723279842344315,-0.011399022435495133,-0.682627880373473,0.7294271700583346
40.76873779296875,-101.80936431884766,3.6603832244873047,0.04212541665579985,-0.011558848883369399,-0.682603756010572,0.7294819829857742
40.76967239379883,-101.80892181396484,3.650906562805176,0.04209304002872077,-0.012052099139209205,-0.6826243416120475,0.7294565789597609
40.76803207397461,-101.79606628417969,3.6628711223602295,0.041061216295007696,-0.012417172128981876,-0.6826814441489948,0.7294558512205813
40.766319274902344,-101.78604888916016,3.6500604152679443,0.04103431099898332,-0.01260276096146027,-0.6826952975975733,0.7294412235091106
40.77056884765625,-101.79077911376953,3.656520366668701,0.04138101077760108,-0.012927145385109362,-0.6826708981410483,0.7294387657388082
40.76133346557617,-101.79523468017578,3.6420845985412598,0.041150298018911485,-0.012113699041868044,-0.682681821222887,0.7294555792757542
40.76642608642578,-101.79566955566406,3.6500234603881836,0.04130643409492559,-0.012212882609764351,-0.6826645348343,0.7294612811587484
40.749664306640625,-101.78697967529297,3.649975061416626,0.04173294262988289,-0.01243922651546308,-0.6827871729821292,0.7293183874196968
40.76555252075195,-101.78004455566406,3.654144525527954,0.04167515914400838,-0.012371580749994155,-0.6827220968994165,0.7293837580342989
40.75840377807617,-101.78276824951172,3.6572725772857666,0.04176245055709606,-0.012338512298990835,-0.6826850078876501,0.7294140420240661
