1.0336291790008545,-0.007896265015006065,0.0448441281914711,0.001318403600293907,-0.0017082123361710825,-0.002004898363599811,0.9999956563020781
2.6511335372924805,-0.05755339935421944,0.12525545060634613,0.0011678988208887887,-0.0036794902609465197,-0.0067081914643462495,0.9999700482174457
3.7584385871887207,-0.06516297161579132,0.19598813354969025,0.0013469666073328875,-0.005744295941529924,-0.0063090156001679625,0.9999627016979501
4.814365863800049,-0.0712975412607193,0.2683038115501404,0.0011910111715780086,-0.006069443512161978,-0.005274747173415322,0.9999669561291039
5.941897392272949,-0.0936538353562355,0.3629966974258423,0.0005673313639393626,-0.005251833449062426,-0.0059335798307568475,0.999968438842538
7.248969078063965,-0.06842347234487534,0.33213359117507935,0.012794282111295673,-0.028514622065035338,-0.006171466935766217,0.9994924344959148
8.610091209411621,-0.10312772542238235,0.18190690875053406,-5.970509488623373e-05,0.016084470214109834,-0.008321617162332403,0.9998359992729424
9.900238037109375,-0.15032196044921875,0.3189771771430969,-0.003034924030836436,0.03577056258676414,-0.009184899678512914,0.9993131931461662
11.212939262390137,-0.19081605970859528,0.8010910749435425,0.00255638387194928,0.004517537750581925,-0.009645611767840312,0.9999400135764287
12.59915542602539,-0.23473186790943146,1.191826581954956,0.0066694898883393455,-0.03662868931835931,-0.010506582432455483,0.9992514654892747
14.123126983642578,-0.2970387041568756,1.3231621980667114,0.007917862457783847,-0.05886715647565183,-0.012086777432239737,0.9981612496431014
15.896246910095215,-0.33202385902404785,1.2118998765945435,0.007039330531068506,-0.04661861327358944,-0.012175551791326022,0.9988137600327875
17.724027633666992,-0.3556472063064575,0.6635984778404236,0.0016893844234303367,-0.018466911433187683,-0.012089340991365551,0.999754942729376
19.559051513671875,-0.38581374287605286,0.2386350929737091,-0.00019554366214861513,-0.01137607153662401,-0.011734319095765701,0.9998664096172826
21.51625633239746,-0.3968387246131897,0.17664679884910583,0.00485584121980788,-0.016212404475690737,-0.010378407504795628,0.999802920173563
22.548152923583984,-0.3927842676639557,0.29351258277893066,0.00930293329588963,-0.02187469561891943,-0.009416084070198436,0.999673082140989
24.524484634399414,-0.4040476083755493,0.7334079742431641,0.018390238954306165,-0.060699040136670754,-0.00676011602432772,0.9979637917651819
25.506258010864258,-0.4116063117980957,0.9398199915885925,0.025132076754380818,-0.07155664788715964,-0.005352012438305137,0.9971055072248226
26.510395050048828,-0.3876783847808838,1.2546285390853882,0.019628014867805337,-0.08785515509339585,-0.000999590003115845,0.9959393699539867
27.538902282714844,-0.3457469642162323,1.5110385417938232,0.012374598593140596,-0.09383436058743495,0.003362904184904928,0.9955052301479269
28.590333938598633,-0.2869967222213745,1.6852085590362549,0.002880730084403095,-0.08965394432225202,0.007555399963218841,0.9959401554542668
29.656538009643555,-0.21795496344566345,1.7514737844467163,-0.010402934762671403,-0.07932705094657307,0.011899011483404226,0.9967233276381671
30.680633544921875,-0.15113605558872223,1.7145678997039795,-0.013351371321074973,-0.0508116952445549,0.01313592337944699,0.9985325820255442
32.53764343261719,-0.04067891836166382,1.6958978176116943,-0.002772922531603303,-0.00022979617887840676,0.013149525635673159,0.9999096874344049
34.167091369628906,-6.826980097685009e-05,1.8167228698730469,0.005609393807725897,0.014427995297663698,0.010722455083489082,0.9998226828128426
35.6662483215332,-0.008198553696274757,2.1989316940307617,0.011697607326150123,0.001739852611646385,0.007584823853302481,0.9999012972877198
36.86572265625,-0.1571994125843048,2.5646233558654785,0.015528673388128597,-0.0075358252388212,-0.005342501690743111,0.9998367444529346
45.323219299316406,-24.763931274414062,2.2448577880859375,0.057448142838619126,-0.006108069595494642,-0.7531419446131221,0.6553164125497613
41.46831130981445,-33.55718994140625,-0.6480554938316345,0.008983058123526731,0.06849065927483128,-0.8319914606597937,0.5504712185897719
1.328527569770813,-0.01742681860923767,0.06281495094299316,0.0015444294538047676,-0.002030109778039804,-0.003221565694915789,0.9999915584565539
2.449974536895752,-0.055747177451848984,0.1260911077260971,0.0014008242603816773,-0.0030123445013478883,-0.007107207622148832,0.9999692286286961
3.7056567668914795,-0.06465470790863037,0.18855427205562592,0.0014372357057426254,-0.005680474934249451,-0.006542285401856529,0.9999614276003347
4.7262773513793945,-0.07524225860834122,0.27696943283081055,0.0013730525195547233,-0.0048660379819557556,-0.005266772085762004,0.9999733489180647
5.943650722503662,-0.09516789019107819,0.36957305669784546,0.0022976151613229713,-0.006199961655936477,-0.006233093893301206,0.9999587080298185
7.231964588165283,-0.10135656595230103,0.4541166126728058,0.0010669681796507246,-0.006839810981122628,-0.006821563414571239,0.9999527696542433
8.648021697998047,-0.13191762566566467,0.5491584539413452,0.002471716407343783,-0.007678483753223956,-0.007449341998193383,0.9999397006332222
10.095529556274414,-0.19508114457130432,0.5884259939193726,0.002717048874976374,-0.012314398672725728,-0.0091044832849597,0.9998790399589238
11.624388694763184,-0.1978377252817154,0.7663572430610657,0.002098417536977788,-0.009739692098010238,-0.010243002265884149,0.9998978994818224
13.150604248046875,-0.2540544867515564,0.8603529334068298,0.004584684005794047,-0.007631455501340844,-0.011318320130769595,0.999896304893495
14.828094482421875,-0.27787500619888306,0.9533966183662415,0.003094841139536601,-0.006775718307633179,-0.011647275506637618,0.9999044193842757
16.494735717773438,-0.3227815330028534,1.0776945352554321,0.0038749575726224005,-0.004644345983126252,-0.01119637201279875,0.999919031262685
18.379087448120117,-0.36255359649658203,1.1962677240371704,0.005143011510129741,-0.0037693895620059138,-0.010324077333982598,0.99992637810303
20.456960678100586,-0.37631532549858093,1.3110734224319458,0.0026338217840199928,-0.0022112484633740738,-0.009697424055782061,0.9999470547726798
21.59223175048828,-0.37721771001815796,1.3614500761032104,1.3617153843547385e-05,-0.0034575903764299926,-0.009206013276955105,0.9999516445628018
22.73024559020996,-0.37821629643440247,1.437880516052246,0.001213071219658805,-0.003026181169787903,-0.007856355185019271,0.999963826776951
23.85349464416504,-0.36964771151542664,1.4835609197616577,-0.001390611154139721,-0.00313544123790796,-0.006358734565204138,0.9999738928247961
24.960163116455078,-0.35541969537734985,1.5546547174453735,0.002846486990402582,-0.005052748172623488,-0.0037858633409688556,0.9999760311949679
26.029233932495117,-0.3609694242477417,1.6375823020935059,-0.0363302365161369,0.0029922921815446744,-0.0005095771197234513,0.999335224500425
27.080442428588867,-0.34132078289985657,1.7939600944519043,-0.05882023094312558,0.006692424305619733,0.0023862731167193863,0.9982432864546394
28.096155166625977,-0.3045749366283417,1.996824860572815,-0.04459336168034675,0.004492808083081595,0.005674563114460533,0.9989789951018802
30.09596824645996,-0.20369239151477814,2.1398682594299316,-0.0068379539072513365,0.003362312691224085,0.010567322778805814,0.9999151342859063
31.981033325195312,-0.11487284302711487,1.9704240560531616,-0.007577320649327288,-0.008736216698414932,0.01273714707372158,0.9998520056170151
33.66981887817383,-0.05691886320710182,1.9649567604064941,-0.0046641135038892525,-0.015076609268806322,0.011040469653806714,0.9998145005910242
35.06794738769531,-0.08088894933462143,2.1930971145629883,0.003976521322051177,-0.009766658081983364,0.005726824616865567,0.9999279800945168
36.2779426574707,-0.19496822357177734,2.3629939556121826,-0.006091556981975198,-0.008713712078029468,-0.0025166594029873766,0.9999402967154357
45.80491638183594,-12.059683799743652,2.641995429992676,0.02708396805364707,0.025112031392410313,-0.5593009602449035,0.8281414417218123
46.09496307373047,-13.46972942352295,2.636455774307251,0.028091132455267353,0.029036218897470017,-0.5736565753746257,0.8180989463320839
46.373050689697266,-14.806798934936523,2.66280460357666,0.031139299630340737,0.03412214490683954,-0.5909757050145097,0.8053655822868757
46.557010650634766,-16.129152297973633,2.7623798847198486,0.036702995991798756,0.041366200288075645,-0.6100306545508009,0.7904456263076417
49.90460968017578,-46.703834533691406,1.4463608264923096,-0.10507802776161136,-0.02166695054570836,0.6593865343568771,0.7441092219197066
1.328527569770813,-0.01742681860923767,0.06281495094299316,0.0015444294538047676,-0.002030109778039804,-0.003221565694915789,0.9999915584565539
2.450005292892456,-0.0562560074031353,0.12076645344495773,0.001397927327944211,-0.0031673338693837642,-0.006947064078229533,0.9999698693981395
3.660950183868408,-0.06491522490978241,0.18202099204063416,0.001374032357509762,-0.0056465329200831,-0.006620918784552982,0.9999611891725304
4.704302787780762,-0.06624515354633331,0.26432451605796814,0.001431812157034023,-0.00659261824423063,-0.005113718825789635,0.99996416206515
5.856329441070557,-0.08962645381689072,0.35882678627967834,0.00274561165631897,-0.008152708126736994,-0.005596725134074161,0.9999473155567739
7.183405876159668,-0.10207989066839218,0.45010632276535034,0.00029119669328255926,-0.00768583718684271,-0.00700243993734876,0.9999458849689062
8.73367691040039,-0.13605622947216034,0.5546289682388306,0.002685768356774557,-0.008602847742092593,-0.007519101958953608,0.9999311021077605
10.223356246948242,-0.1648111343383789,0.6644677519798279,0.002933104208443047,-0.009811777827536191,-0.008879102517689497,0.9999081450237328
11.752655982971191,-0.2025180459022522,0.7767961025238037,0.0022126094701942632,-0.010195373518750208,-0.010395515960676385,0.9998915285646438
13.398021697998047,-0.2610284388065338,0.8689513802528381,0.004669890739280076,-0.007728372799522711,-0.011534594797165953,0.9998927058833905
15.183298110961914,-0.2915235459804535,0.9806194305419922,0.0034717994292685125,-0.006112620277945983,-0.01163626988473896,0.9999075861786991
17.084304809570312,-0.32779616117477417,1.1148896217346191,0.003640653096265856,-0.005438633352896995,-0.010979677715035552,0.9999183010463952
19.022111892700195,-0.3669023811817169,1.2239506244659424,0.0047095295325592776,-0.003753791881829231,-0.010234722791848356,0.9999294852190636
20.126684188842773,-0.37517020106315613,1.2854913473129272,0.0024538965004329083,-0.0032303906649693345,-0.009995033897388046,0.9999418167234718
21.27974510192871,-0.3776895999908447,1.3541393280029297,0.0017084726797936631,-0.0022576888332674016,-0.009376511456858909,0.999952024560715
22.520061492919922,-0.3883701264858246,1.4210410118103027,0.0006334207918718911,-0.003708172155465063,-0.008271702790434158,0.9999587080298185
23.711942672729492,-0.3674744665622711,1.4782980680465698,-0.0008160026366643452,-0.002901078774797421,-0.00655671425919759,0.9999739598817698
24.932607650756836,-0.3613436222076416,1.5534906387329102,0.0016437678579423116,-0.004962738861250106,-0.0037225346018686643,0.9999793989324475
26.14936065673828,-0.3372896611690521,1.6272581815719604,-0.013871272537262638,-0.002365567376071984,-0.0005480201290383868,0.9999008353060173
27.29812240600586,-0.29344043135643005,1.754077434539795,-0.010012368228518006,-0.004801886649321736,0.0025384740168144433,0.9999351182393406
28.370798110961914,-0.2541290521621704,1.8221684694290161,-0.0025068083590357067,-0.005735054842394254,0.005233050140792234,0.9999667102517893
30.3382568359375,-0.20699842274188995,1.9168280363082886,0.003556393822063616,-0.009720145306090177,0.008730863822011794,0.9999083015002862
32.3120231628418,-0.1748943030834198,2.005197763442993,-0.023984334795127436,-0.003993621605033334,0.01087083997778327,0.9996452298280042
34.129737854003906,-0.10357242822647095,2.11325740814209,-0.0032784259179123388,-0.010112495982968447,0.008191496711815642,0.9999099407769931
1.3483062982559204,-0.013714641332626343,0.07105527818202972,0.0013697430715506088,-0.0030095288478717945,-0.003655490156152368,0.9999878554798823
2.461965322494507,-0.054929301142692566,0.1470624804496765,0.0012465984884929655,-0.0019763335566620006,-0.007793992556870766,0.9999668965224877
3.7816216945648193,-0.0631781667470932,0.19105887413024902,0.0014545229023928963,-0.005958917581332912,-0.0064472447048062,0.999960414281774
4.7932820320129395,-0.07119190692901611,0.2717909812927246,0.0010672274009646072,-0.005738005320293821,-0.0054745778822339435,0.9999679768918547
6.0036234855651855,-0.08812215179204941,0.36705657839775085,0.0016619771225169257,-0.008056240737578942,-0.0061480536473751774,0.999947270850934
7.341379642486572,-0.10154817998409271,0.45642751455307007,0.0013794683813742104,-0.008513888460874608,-0.006810135801344226,0.999939603769829
8.864078521728516,-0.13448071479797363,0.5665735006332397,0.002740966005572197,-0.008808929428318563,-0.007490038121775181,0.999929380903574
10.318106651306152,-0.15640024840831757,0.668153703212738,0.0006228700821862689,-0.010099337813334108,-0.009184046324137243,0.9999066398670633
11.85999870300293,-0.20685674250125885,0.7822784185409546,0.0023941080536401286,-0.01013807040002047,-0.010412374650376543,0.9998915360160326
13.522944450378418,-0.2650427520275116,0.877393901348114,0.0047441428468973845,-0.0076525337414993354,-0.01162785069362719,0.9998918638770863
15.173768997192383,-0.29257723689079285,0.9799308776855469,0.0035125789792579305,-0.006094800675109776,-0.011650944330518486,0.9999073775431399
16.982839584350586,-0.321236252784729,1.10600745677948,0.003692935771897249,-0.00533451598166899,-0.010985724176827244,0.999918613996299
19.01100730895996,-0.36813056468963623,1.2270467281341553,0.00457881293971327,-0.003568713689043221,-0.010265602880981932,0.9999304464112768
20.141281127929688,-0.3732622563838959,1.2862181663513184,0.0024509904861843633,-0.0032723655220047426,-0.00995810569399441,0.9999420551558953
21.295866012573242,-0.37543609738349915,1.3531029224395752,0.0017979064186590488,-0.0023622356364356185,-0.009345932850648078,0.9999519202475767
22.3519229888916,-0.36972248554229736,1.4034489393234253,0.0009013490044256108,-0.0036035551820184854,-0.008332851702558068,0.9999583801906813
23.384517669677734,-0.37140780687332153,1.45611572265625,-0.0004205620754914105,-0.0033348024454302352,-0.007103965504064395,0.999969109415731
24.454557418823242,-0.3702419400215149,1.5243401527404785,1.1324682065009465e-05,-0.0038585034369746497,-0.004839054839076843,0.9999808369230929
25.540817260742188,-0.340510755777359,1.5897345542907715,-0.0016594860036645055,-0.004840529301384434,-0.002454685374366106,0.9999838842643104
26.60725975036621,-0.32014796137809753,1.6568588018417358,-0.0009287606571945358,-0.005756253200283124,0.0006991537861493059,0.9999827592078763
27.653470993041992,-0.2869182527065277,1.7128405570983887,-0.0019550538625285733,-0.007208950449951289,0.0031375677509264802,0.9999671722030579
28.6796817779541,-0.2566970884799957,1.7837766408920288,-0.00047244079281129624,-0.00806707976352625,0.005936796267116389,0.9999497296691595
30.49577522277832,-0.20273348689079285,1.9148070812225342,0.0005989064979457976,-0.00933604869655793,0.00901243568698884,0.9999156111634214
32.17556381225586,-0.169593945145607,2.028132677078247,0.0006307151483351054,-0.009365807395368412,0.008817985027137572,0.9999170566969993
33.82197189331055,-0.15906089544296265,2.1430325508117676,0.00033264490942203095,-0.008551539464266235,0.005711207290752882,0.9999470622236548
35.40959930419922,-0.23731286823749542,2.2662353515625,0.0014472888336741964,-0.009324123488917981,-0.004573971481540635,0.9999450281054013
36.74734115600586,-0.5168389081954956,2.3543484210968018,0.002668281181979401,-0.007704910671258052,-0.03239266566778016,0.999441944812106
38.07627487182617,-1.0116615295410156,2.441894292831421,0.006305204132492127,-0.005957892403707302,-0.07284703176959376,0.9973053986641458
39.40513229370117,-1.6796189546585083,2.485766887664795,0.0054475313724675276,-0.0029298790491272893,-0.12267686505399329,0.9924273914279036
40.59852981567383,-2.451604127883911,2.5649421215057373,0.012680896811579887,-0.0022561556321128544,-0.174571939358432,0.9845601770522161
41.659881591796875,-3.490269422531128,2.606598138809204,0.012497243576708773,-0.004666441230167049,-0.23462579293084615,0.9719942360131155
43.834754943847656,-6.652644157409668,2.6821212768554688,0.035613291543863425,-8.587816704025251e-05,-0.3784046076697118,0.9249549268360259
41.58110046386719,-21.877193450927734,-0.1748797744512558,0.07477923228279221,-0.05426260433065025,-0.8941636892054657,0.43810378037459646
1.25731360912323,-0.01297357864677906,0.0618928000330925,0.0013428411689012977,-0.0010098883061983855,-0.002993830965940469,0.9999941214746305
2.3523504734039307,-0.05102240666747093,0.1250411868095398,0.0015024772330566542,-0.0022782524774696495,-0.0070529068931698795,0.9999713968120172
3.6485743522644043,-0.06557337939739227,0.1852559596300125,0.001238597360138861,-0.005531489072307805,-0.006427667813258765,0.9999632679630359
4.707231044769287,-0.06592916697263718,0.2625584602355957,0.0014752731288310583,-0.00668738678362411,-0.005100350112982735,0.9999635287429017
5.926290035247803,-0.0905756950378418,0.3630487322807312,0.0022295010898409607,-0.007985795413132778,-0.006132991963705318,0.9999468163414484
7.314977169036865,-0.10470772534608841,0.45748844742774963,0.0009084744960463153,-0.008076510924794687,-0.006936794808052239,0.9999429120219477
8.834083557128906,-0.13837243616580963,0.5629269480705261,0.002922021328795061,-0.008705733763268896,-0.007560761605154896,0.999929239332535
10.32753849029541,-0.16717110574245453,0.6729245781898499,0.0027820433215157417,-0.009812539626532665,-0.00901633406660227,0.9999073477380565
11.868294715881348,-0.20705761015415192,0.78323894739151,0.0022966699163741435,-0.010144194990839779,-0.010450144894415632,0.9998913050229531
13.439448356628418,-0.25604844093322754,0.8677425980567932,0.004558708834268572,-0.008009002631990845,-0.011451870658212175,0.9998919607451043
15.075804710388184,-0.28540515899658203,0.972751796245575,0.0033188236750180834,-0.006413617698961048,-0.011616785573219875,0.9999064386825843
16.830137252807617,-0.31961917877197266,1.0955315828323364,0.0037125714813677794,-0.005247190959764007,-0.011062298151243115,0.999918152022597
18.854154586791992,-0.3700365126132965,1.2177231311798096,0.005053859990647109,-0.0035440073623075725,-0.010300981490277576,0.9999278832299882
19.879295349121094,-0.3627440333366394,1.2617031335830688,0.0026312313372145652,-0.0039061923488291645,-0.009858230886195776,0.9999403116174865
20.964506149291992,-0.3786435127258301,1.334694504737854,0.0027242206043696323,-0.0020040599882510317,-0.009517665815503552,0.999948984573366
22.082990646362305,-0.37840113043785095,1.3703149557113647,-0.0012724922554097605,-0.005012350921404387,-0.008394861210215113,0.9999513986817222
23.189746856689453,-0.36928054690361023,1.5093159675598145,0.002108618789654138,-5.632990835476164e-05,-0.007469199856448403,0.9999698842997495
24.304336547851562,-0.3676515221595764,1.5400314331054688,-0.0007808128293996654,-0.002612813979071261,-0.005363971212535903,0.9999819023759681
25.321029663085938,-0.3410526216030121,1.577785849571228,-0.0003605031131936737,-0.004288681077197808,-0.0030976422245947146,0.999985940655581
27.33492088317871,-0.2988678216934204,1.6952238082885742,-0.0017743431417417128,-0.006868380517807697,0.002302231754384592,0.9999721791450511
28.3761043548584,-0.2722232937812805,1.7632547616958618,-0.00016914289761549693,-0.007536123311259728,0.005129989785689663,0.9999584099942437
30.159635543823242,-0.20084954798221588,1.8885538578033447,-8.393490747099921e-05,-0.009270350310135041,0.008903807342008494,0.999917384549685
31.823843002319336,-0.1714426726102829,2.002499580383301,0.0006153650380640141,-0.009971216469814845,0.00911027533908329,0.9999085920995348
33.489627838134766,-0.15560849010944366,2.121075391769409,0.0007363349710801865,-0.008834713625406916,0.006681960627562908,0.9999383818000621
35.03908920288086,-0.21184350550174713,2.2378957271575928,0.0016371151700638178,-0.008877032291374523,-0.0013744763777079187,0.9999583131326627
36.40437316894531,-0.43585050106048584,2.3574745655059814,0.005540952865794171,-0.002304358047348598,-0.024968789525254376,0.9996702127252792
43.684783935546875,-6.091955184936523,2.8028852939605713,0.030991160581265977,-0.002048842610699621,-0.34925170579533427,0.9365140578324326
46.161521911621094,-13.812895774841309,2.9885923862457275,0.014385924774048311,0.033393336399253674,-0.5844195163268159,0.8106366395077913
46.26792526245117,-14.861684799194336,2.835134744644165,0.020347507594125912,0.04622567678150449,-0.5994993450185175,0.7987801413826296
0.955597996711731,-0.05014163628220558,0.5170871615409851,0.07559136762247784,-0.036591245445403146,0.010171015924774422,0.9964153668155685
1.8440788984298706,-0.174028679728508,-0.24083618819713593,0.007295797443481052,-0.009843384831474997,-0.005707768111924446,0.9999086517096266
3.032970428466797,-0.3811158239841461,-0.5047951936721802,-0.05759164149961514,0.01888229305547626,-0.01801527850111181,0.9979990445674267
4.007972240447998,-0.33382391929626465,-0.17848975956439972,-0.03348971298343441,0.04305626308010148,-0.009474489220475397,0.9984662244363117
5.016700744628906,-0.24680519104003906,0.30383291840553284,0.004673454132130786,0.03999985168158391,-0.0038677247714839773,0.999181278173358
6.185027599334717,-0.191850945353508,0.8135605454444885,0.03485831727772098,0.03470025552593842,-0.0010760034497470608,0.9987890839359458
7.4407639503479,-0.18215134739875793,1.1818912029266357,0.04024683554588478,0.015595375617307674,-0.0031571164327603156,0.9990630827166135
8.857890129089355,-0.19600586593151093,1.2527124881744385,0.03286634232534518,-0.006079740947172056,-0.006616667964053649,0.9994193716021866
10.512361526489258,-0.2210935801267624,1.0747486352920532,0.013727361276720466,-0.02244749668648546,-0.010586019657389095,0.9995977218443596
12.181873321533203,-0.23015302419662476,0.7341825366020203,-0.001197392499770795,-0.013433457164036346,-0.01226143094580547,0.9998338680550994
13.962145805358887,-0.2179384082555771,0.5106257200241089,-0.016606922563485053,-0.018990653803770786,-0.012938652119865512,0.9995979976267448
15.572433471679688,-0.21138910949230194,0.6527344584465027,-0.013793338851358063,-0.01835078324913139,-0.012767882884693826,0.9996549189732602
16.841045379638672,-0.2303350269794464,0.9735763669013977,0.0004964325055038217,-0.010840324481011791,-0.011417248422165748,0.9998759177831211
18.341514587402344,-0.372396856546402,1.2213213443756104,0.005115797379712514,-0.0035923805706229153,-0.009951805669606522,0.9999309381836798
19.748937606811523,-0.44788259267807007,1.3103764057159424,0.0020072207699788724,-0.0008045449633388223,-0.010113004357267003,0.9999465183023293
21.548280715942383,-0.44420862197875977,1.3913205862045288,-0.0005679545993335545,-9.032310122715435e-05,-0.00992391641783874,0.9999505790776868
22.597070693969727,-0.4269370138645172,1.436726450920105,-0.0015418285532389712,-0.0008342148284830345,-0.00919792260496273,0.9999561374700652
24.507158279418945,-0.37164220213890076,1.522212028503418,0.00010505875561146537,-0.004041322258592545,-0.004978328172691416,0.9999794361861173
25.510732650756836,-0.34412866830825806,1.5840682983398438,-0.0016987012989565433,-0.004917667034315608,-0.002486609743330219,0.9999833776165364
27.346708297729492,-0.28354382514953613,1.7011691331863403,-0.0015814498617128382,-0.006363546847966953,0.002122519693659895,0.9999762323654456
28.78694725036621,-0.23864680528640747,1.7810300588607788,-0.000831217443841647,-0.00857058667269114,0.006143618905729855,0.9999440520252098
30.222991943359375,-0.2116973102092743,1.8988244533538818,0.00018694693426352584,-0.008855264721189422,0.008923838766272339,0.9999209536662858
31.623388290405273,-0.18282592296600342,1.9910645484924316,0.000402050449952067,-0.009900603960606236,0.00906920621098814,0.9999097843006962
32.96873092651367,-0.14665433764457703,2.0826308727264404,0.0004972363624962078,-0.009134911865985295,0.008220493943325637,0.9999243588449879
34.190311431884766,-0.1581275761127472,2.1636593341827393,-0.000859953883305344,-0.008388423120145505,0.00381096999384169,0.9999571731456591
35.458824157714844,-0.2550604045391083,2.2792813777923584,0.0033271929153651063,-0.008751513221850388,-0.004314084412926674,0.9999468684982851
36.883819580078125,-0.4827306568622589,2.4266183376312256,0.004381274717610839,-0.00530272063889013,-0.03518436277352145,0.9993571584491437
37.872257232666016,-0.947661280632019,2.4111082553863525,0.0059421211813049015,-0.006151485017622558,-0.0661218845815375,0.9977749045242906
38.87139129638672,-1.4016180038452148,2.4821650981903076,0.009334716707989939,-0.0036972831670780124,-0.10128982094926714,0.9948063103694847
39.984947204589844,-2.058746814727783,2.5525779724121094,0.010745459300665854,-0.0009586724279580341,-0.1485471501575202,0.9888464852987129
40.84308624267578,-2.755176305770874,2.589545249938965,0.017099938386292545,-0.0028677014915768177,-0.19472095110405416,0.9807054302377197
41.83977127075195,-3.697014808654785,2.6382715702056885,0.023793118657017952,-0.005437293107728054,-0.24223535015984263,0.9699104956744048
42.73462677001953,-4.56927490234375,2.956275701522827,0.029211535284048126,0.003585081858062956,-0.29914949252265516,0.953752295640055
43.56615447998047,-5.1591997146606445,2.982969045639038,0.031832250247953144,0.00862452276512405,-0.3887381426743314,0.9207578209874481
44.45652389526367,-6.041371822357178,2.702613592147827,0.03300053068314535,0.0056401215486738656,-0.47577701419461554,0.878928544503478
44.75416946411133,-7.087914943695068,2.5913796424865723,0.023358879568860437,0.013111804915869897,-0.5217548552270299,0.8526748077235331
44.880794525146484,-8.077117919921875,2.6796867847442627,0.030116204121963776,0.02428476243686962,-0.5679007616058397,0.8221873248370863
45.340335845947266,-17.431236267089844,2.461491346359253,0.030750249799318168,0.0205654321622872,-0.7411147884686117,0.670358378000747
45.13876724243164,-19.367511749267578,2.4019711017608643,0.03586177152988508,0.009781807736660814,-0.7416105831183716,0.669799947903748
45.15026092529297,-20.411800384521484,2.4286019802093506,0.0376882967185739,0.00930522940514715,-0.7401253765140359,0.6713474192821581
45.26540756225586,-21.45296287536621,2.4634287357330322,0.03903083286025144,0.009707571430091193,-0.7371148804538027,0.6745695099043596
45.475521087646484,-22.443702697753906,2.5085370540618896,0.04058043005859138,0.01036046620656691,-0.7321683419944631,0.679834796576524
45.88888168334961,-24.378122329711914,2.430553674697876,0.0336723930695624,0.007340880939849921,-0.7159050149491082,0.6973466044772902
40.0904655456543,-38.106815338134766,2.0093319416046143,0.051043145975396276,0.002041893294877851,-0.7878240525510937,0.6137782106112095
39.053470611572266,-38.278602600097656,1.906278371810913,0.05066646622916813,0.0016615228211336252,-0.8014925704276508,0.5958521672142125
1.2779498100280762,-0.02076667547225952,0.0551622211933136,0.0015450738992824448,-0.002193756093633877,-0.003120451079509783,0.9999915435552668
2.345376491546631,-0.05463062599301338,0.1056765466928482,0.0015636687045803958,-0.0035720577294490134,-0.006526622587356619,0.9999710838786323
3.4203684329986572,-0.06376739591360092,0.17088249325752258,0.0014496334424571441,-0.005103381803648321,-0.00684529973596004,0.9999625005247503
4.4829792976379395,-0.06393560022115707,0.2477177083492279,0.0020732234249674067,-0.006299641697500526,-0.0054438267252815455,0.9999631860036354
5.603194713592529,-0.08608877658843994,0.3326176106929779,0.002340054138384949,-0.007427202436359306,-0.005716175455541864,0.9999533359249535
6.96336030960083,-0.09922643005847931,0.42363229393959045,0.0036073040903343034,-0.007670250956012515,-0.005674433898946283,0.9999479712421958
8.303788185119629,-0.12560661137104034,0.5873103141784668,0.010047766915132606,-0.0012382967500613174,-0.003982248797421892,0.9999408108360595
9.769235610961914,-0.16334787011146545,1.0509623289108276,0.016965131439405343,-0.03412180448094318,-0.00526206760761748,0.9992598238116858
11.256765365600586,-0.19830739498138428,1.4056988954544067,0.0068027462619150575,-0.06434081302903734,-0.0141210775655004,0.997804892332069
12.723817825317383,-0.23866164684295654,1.4393988847732544,0.002620462720107723,-0.07598885164495896,-0.014625591654526744,0.9969979539221772
14.261149406433105,-0.29355329275131226,1.1150896549224854,0.006948917459354054,-0.059814523155782534,-0.012123163204602303,0.9981116928880814
15.75859260559082,-0.35314473509788513,0.368303120136261,0.012926912810417681,-0.028841008565138288,-0.008122807502282324,0.9994674098821046
37.75265884399414,-0.7663280367851257,2.2585160732269287,0.012921531701729626,-0.002579309465502582,-0.05346687818782148,0.9984826706054414
38.75050354003906,-0.9614461064338684,2.381574869155884,0.020506463032431164,-0.011568521727298331,-0.07272394490176334,0.9970741608159658
1.04517662525177,-0.00905665848404169,0.04439983889460564,0.001371499391076429,-0.001784379627667128,-0.0020849659883348855,0.9999952837713607
2.045203685760498,-0.046587780117988586,0.09968729317188263,0.0016000468828016744,-0.0028168160869330256,-0.005982379104826628,0.9999768582288951
3.2814724445343018,-0.06213037297129631,0.15927915275096893,0.0012322472121546327,-0.004773878593516321,-0.006795448334822999,0.9999647655836251
4.419556617736816,-0.06607487797737122,0.24261406064033508,0.0016250230435580623,-0.006220810762445869,-0.005122218827939314,0.9999662110461462
5.5935797691345215,-0.08732186257839203,0.33266836404800415,0.0023524337280650884,-0.007369891855352242,-0.005794617224885411,0.9999532912193828
6.923113822937012,-0.09719119966030121,0.43215814232826233,0.000590431682557059,-0.008219008167877403,-0.006742380963497226,0.9999433069251856
8.428793907165527,-0.12775413691997528,0.5272921323776245,0.002579978347618616,-0.00852879126558472,-0.007413992613897865,0.9999328009557406
9.901737213134766,-0.1570218801498413,0.6440786123275757,0.00285045718702763,-0.009348579871031281,-0.008511516920270515,0.9999159986262349
11.419401168823242,-0.1914292573928833,0.7504858374595642,0.0024287132377762435,-0.01011091687974706,-0.00991711099508058,0.9998967594259409
13.106948852539062,-0.2557055354118347,0.8592178821563721,0.004571372862537912,-0.008042280143033669,-0.011369544823924885,0.9998925866613021
14.800065040588379,-0.2822785973548889,0.9526926875114441,0.0034360945039981854,-0.0066713345583968,-0.011794257834212,0.999902288312265
16.651578903198242,-0.32259684801101685,1.0882326364517212,0.0038046836269320736,-0.004833770040923487,-0.01116158945432371,0.9999187779224
18.556684494018555,-0.3695533275604248,1.2014458179473877,0.005801809123871483,-0.003897829590834047,-0.010315554081871533,0.9999223693875047
19.639291763305664,-0.37345579266548157,1.2445021867752075,0.0022569616325232747,-0.0039392631420594616,-0.010023375152887933,0.9999394547492056
20.789859771728516,-0.37743276357650757,1.3354750871658325,0.003167637891968498,-0.0014785564956882236,-0.009643053779380895,0.9999473975174751
21.879497528076172,-0.3734990954399109,1.3437925577163696,-0.001449921544386376,-0.004706325635666592,-0.008871579480859123,0.999948515162731
22.935165405273438,-0.3654530346393585,1.4514809846878052,0.0004352125154168926,-0.0023367968899975985,-0.007875316986222477,0.9999661514394856
24.934667587280273,-0.3606657385826111,1.5611395835876465,0.001383568754979757,-0.0037920932103025526,-0.0037414938044254735,0.9999848454042349
26.828176498413086,-0.2595354914665222,1.702370047569275,0.017862542211641647,-0.010194652543930847,0.0002478048648780848,0.9997884407370312
28.799169540405273,-0.2519180178642273,1.7706609964370728,-0.018986501030950682,-0.010311296022856764,0.007178426833399932,0.9997407979610875
30.638391494750977,-0.1840643286705017,1.9583522081375122,-0.009093470439528779,-0.0058307241388631855,0.010663721530069373,0.9998847775835465
32.26789093017578,-0.14015288650989532,1.9556585550308228,-0.01220058757646857,-0.00837163726965862,0.010531719877165054,0.9998350677971714
33.78761672973633,-0.12094493210315704,2.1352598667144775,-0.0032959312594755446,-0.006688473031306428,0.007747518578412046,0.9999421818230971
35.2408447265625,-0.22175981104373932,2.253830671310425,0.0016319267422945359,-0.009507794414834007,-0.0031771595291077586,0.9999484257511565
36.520870208740234,-0.45824331045150757,2.345214605331421,0.0036226095402344697,-0.007700806140776431,-0.026872112673008666,0.9996026411944007
37.822635650634766,-0.910959005355835,2.4194819927215576,0.004904920014065066,-0.006249408431617613,-0.06479127636897164,0.9978672246624087
39.15226364135742,-1.5521702766418457,2.4190518856048584,0.003765110896604423,-0.003199623838050017,-0.11104032839210418,0.9938036304373403
40.35564422607422,-2.379369020462036,2.5500502586364746,0.015547553095288338,-0.0036672654684887364,-0.17256632397698915,0.9848683574131507
41.47148513793945,-3.3176560401916504,2.623619318008423,0.018304027346974693,-0.0027775170771976382,-0.2265533888623979,0.9738227865514244
42.44437026977539,-4.396904468536377,2.67594313621521,0.02276160157757695,-0.004247011979782383,-0.2740993750047036,0.961422611694381
43.40161895751953,-5.638083457946777,2.700953483581543,0.02575461701675316,-0.002581270081982763,-0.32950128575362003,0.9438002762444673
44.30928421020508,-7.109771728515625,2.7037265300750732,0.027413507961092855,0.0023978737518786874,-0.37765322934307083,0.9255381075753817
44.9617805480957,-8.604074478149414,2.677131175994873,0.026229612718864693,0.00918078646079762,-0.43769144527689036,0.8986956681553449
46.685001373291016,-15.729573249816895,2.7525246143341064,0.02063796852631787,0.02621888870293113,-0.6259571179835517,0.7791433278687843
46.573394775390625,-16.963457107543945,2.659478187561035,0.018931029279517318,0.025840758448547343,-0.6496881268283413,0.7595256534316077
46.45162582397461,-18.142518997192383,2.520542860031128,0.013251214806514273,0.02365102067212044,-0.6617172199658693,0.7492632214769753
46.3017463684082,-19.298093795776367,2.492391347885132,0.014730003065144692,0.02059814219732205,-0.6726357737978202,0.7395402779381737
46.18095397949219,-20.487537384033203,2.4078052043914795,0.0075681509113929395,0.017030215777593366,-0.6944314617373294,0.719317468115552
42.41532516479492,-31.335752487182617,2.093979597091675,0.0443599072375338,0.009326674592565507,-0.812589274227427,0.581071298826615
35.028770446777344,-63.95386505126953,3.1778311729431152,0.17778803828208103,0.09297969365407592,-0.7195298183079218,0.6648481552939594
35.02086639404297,-65.06742858886719,2.6091246604919434,0.14145348069857572,0.09129781002351935,-0.7153291312269715,0.6782034080965303
35.013736724853516,-66.26893615722656,2.178037643432617,0.10055745042480346,0.07645638625054162,-0.7116834226176156,0.6910494800536595
34.9887809753418,-67.56373596191406,1.8782027959823608,0.06890975928416011,0.03607614927369424,-0.7153297875561963,0.6944445834888213
35.011375427246094,-68.81803131103516,1.7545469999313354,0.024936306928078578,0.0036398176565272155,-0.70764654982996,0.7061170707122296
35.071434020996094,-70.12049102783203,1.7593681812286377,0.01876234273410907,-0.03723366842465964,-0.7141465337045132,0.6987534455254307
35.12385177612305,-71.34001922607422,1.8888832330703735,-0.0003593174935435777,-0.06830914725001755,-0.7112100151311874,0.6996528001521154
35.201499938964844,-72.50379180908203,2.1027026176452637,-0.047989309389798826,-0.07240636109903446,-0.6951604801773175,0.713586869955777
35.32622146606445,-73.57318878173828,2.3671319484710693,-0.0683460739593338,-0.07886516537125754,-0.6897786688290262,0.7164596815630161
35.417076110839844,-74.61872863769531,2.5973103046417236,-0.06700850971434838,-0.09237780472896844,-0.6879174026740629,0.71676066824292
35.47568893432617,-75.62133026123047,2.76581072807312,-0.051435083308380244,-0.10891076415310705,-0.6880533705082721,0.7155944788688702
35.6575927734375,-77.54762268066406,2.8858797550201416,-0.04487981579666989,-0.11145148325282303,-0.6765581650421609,0.7265214139334965
35.79283142089844,-79.4503173828125,2.867771625518799,-0.027924831937318567,-0.09026822925632898,-0.6823509309958992,0.7248924266769443
35.97767639160156,-81.1285629272461,2.41774320602417,-0.003635532715566417,-0.05456194341010529,-0.6754195895993255,0.7354033959752015
36.126590728759766,-82.48931884765625,1.5360456705093384,0.02945935271773784,-0.012728370612366847,-0.6745156446930864,0.737562734402701
36.26118850708008,-83.81798553466797,0.6865147352218628,0.060795204989572284,0.02234233874103569,-0.6731137450053213,0.7366971260024288
36.33677673339844,-85.13165283203125,0.11262838542461395,0.08739036687528026,0.04524003526827682,-0.672406598575563,0.7336113604157395
36.403804779052734,-86.48258972167969,-0.15574832260608673,0.1107330007342619,0.05967513677097611,-0.6716997080528598,0.7300661272805153
36.50826644897461,-87.89127349853516,-0.09832379221916199,0.12208277331957001,0.06586808313655552,-0.6703607240577606,0.7289538331154998
36.672607421875,-89.40082550048828,0.316847562789917,0.10982321209927783,0.059657694735702385,-0.6680284890607827,0.7335651045783325
36.89192199707031,-91.04264068603516,1.1560460329055786,0.06303806725786648,0.027277527303384067,-0.6646827126180622,0.7439617157177044
37.005882263183594,-91.91986083984375,1.6653867959976196,0.029776204150780545,-0.002285580436528485,-0.6633872768686434,0.7476800350264414
37.25852584838867,-93.60115051269531,2.6138126850128174,-0.02640557907510029,-0.057157371963022126,-0.657816685418467,0.7505417818992778
37.544559478759766,-95.2296371459961,3.4272356033325195,-0.06988791176781782,-0.10536507736198797,-0.6495267412049945,0.7497525452640268
37.83662796020508,-96.81167602539062,4.0387043952941895,-0.09556962622574082,-0.13306467254906768,-0.6423591115627327,0.7486888580879971
38.09832763671875,-98.39010620117188,4.359156608581543,-0.10494453399536498,-0.14546120385864283,-0.6388935548763622,0.7480926947841009
38.32847595214844,-100.01744079589844,4.321531295776367,-0.09794370128361132,-0.1438844475198132,-0.639537508261912,0.7487964261250281
38.555702209472656,-101.67549896240234,3.850267171859741,-0.08129156688849712,-0.12576459964219344,-0.6430901229575877,0.7510060303342128
1.3644839525222778,-0.015516489744186401,0.08767867833375931,0.00095700452552969,-0.000786270610264732,-0.0036060503042704877,0.9999927282068979
2.4992215633392334,-0.053787097334861755,0.13426527380943298,0.0016144736430087586,-0.002100199485958996,-0.007457822221396179,0.9999686698177997
3.748387336730957,-0.066693015396595,0.1838279515504837,0.0012728287006802273,-0.006149512817083802,-0.006267200533335036,0.9999606452588892
5.271841049194336,-0.07536397129297256,0.30679458379745483,0.00156539464646112,-0.00691159161388174,-0.005588118789935818,0.9999592742971658
6.46712064743042,-0.0927058681845665,0.39886632561683655,0.0009085927003259852,-0.007815652232894153,-0.006361177862684556,0.9999487982993308
7.827274322509766,-0.11262353509664536,0.4878181517124176,0.0013114068848868188,-0.008309104612851793,-0.0070848957499352995,0.9999395143574576
9.261115074157715,-0.15288645029067993,0.6173114776611328,0.0012727358976549967,-0.011974196230369036,-0.008836944133846529,0.9998884436848972
10.514062881469727,-0.17252394556999207,0.7276632189750671,0.0026751609111217026,0.02772630739264421,-0.008286282071318643,0.9995776118859069
11.960721969604492,-0.20099253952503204,0.9382082223892212,0.006067456393666158,-0.016611511923505202,-0.009469253423954658,0.9997987768255971
13.593785285949707,-0.270587682723999,1.0570286512374878,0.007649055009058557,-0.05477714715475319,-0.01194593194438852,0.998397832628738
15.29900074005127,-0.2901037037372589,0.908446729183197,0.005682988005604686,-0.023252952462057545,-0.011906603173357472,0.9996425541167276
17.005794525146484,-0.29523327946662903,0.8332139253616333,0.0030287713167912963,0.005182196061978787,-0.011650448109825426,0.9999141134692112
18.645206451416016,-0.3088887929916382,1.070989966392517,0.0030792672576515643,0.002948447812313185,-0.01118214651302433,0.999928382454766
20.36819839477539,-0.3582893908023834,1.3591474294662476,0.00033652782294777404,0.0033619651745749905,-0.0094186201297628,0.9999499308449286
22.226512908935547,-0.41832759976387024,1.4180054664611816,-0.0049748755061255106,-0.0024279486343441355,-0.007611624037616543,0.9999556978664311
23.30141258239746,-0.4491983652114868,1.486701250076294,-0.004343952523482867,-0.0030901336760281463,-0.006327202490702061,0.9999657490944337
24.475021362304688,-0.4617258906364441,1.55933678150177,-0.003117108820946697,-0.0035527851122953615,-0.004737261413444913,0.9999775958531721
25.741180419921875,-0.4331406354904175,1.6370608806610107,-0.0020015482063010064,-0.004012185075280488,-0.0024381626951510693,0.9999869613989528
27.082128524780273,-0.33338096737861633,1.7078797817230225,-0.0017942310800138155,-0.005372936189247343,0.0014002020408537263,0.9999829603770004
28.325218200683594,-0.24043142795562744,1.7643351554870605,-0.0013753574972736127,-0.007326082928293978,0.005051685631488785,0.9999594605692494
29.4708309173584,-0.16424772143363953,1.8219419717788696,-0.0007951147478981779,-0.0091930581331818,0.00828330162509861,0.9999231070519771
30.51858139038086,-0.10435803234577179,1.881378412246704,-8.793581485032817e-05,-0.01078894175685339,0.010860072403150891,0.9998828178531244
32.322265625,-0.04439288005232811,1.9987672567367554,0.0014107895331489611,-0.012907686965214556,0.012938444870606941,0.9998319678395553
33.736572265625,-0.07297126948833466,2.1194138526916504,0.001858578922436856,-0.01142406425687453,0.010150331094348097,0.9998814989449365
34.80307388305664,-0.19658049941062927,2.21376895904541,0.0008542716878326352,-0.008344827443125579,-2.158371983533131e-05,0.9999648177395256
36.10811996459961,-0.37930402159690857,2.3254709243774414,0.0010733574364478454,-0.008098504436701634,-0.01776509987369903,0.9998088221791451
37.5440673828125,-0.8023781776428223,2.40651273727417,0.005308621665893333,-0.006572231211113463,-0.055846022545345764,0.9984036459280042
38.80501174926758,-1.3562837839126587,2.4861998558044434,0.01004163843628437,-0.003386812701655406,-0.09845294650759634,0.9950852768023964
40.0087890625,-2.0022366046905518,2.547025203704834,0.030954151865252275,-0.0012559339709898507,-0.14651270772818284,0.9887235578987188
43.6574821472168,-6.336338043212891,2.975741147994995,0.032068477266913524,0.006629060765271265,-0.356904155069769,0.9335668791411372
44.48632049560547,-7.930109977722168,2.7215635776519775,0.01842351665889017,0.004458404383811215,-0.41374576649331646,0.9101951083291152
45.0078010559082,-9.77502727508545,2.728142023086548,0.024911865739391845,0.01605813811306222,-0.46766782552966424,0.8834072152240808
1.1912866830825806,-0.016554802656173706,0.052934229373931885,0.0014457207459117214,-0.0018698447908963205,-0.0027345591790321113,0.9999934658194687
2.191394329071045,-0.05097300931811333,0.09691715985536575,0.0016432214333582029,-0.003476536909840592,-0.006194685375216315,0.9999734234258536
3.2157833576202393,-0.06078525260090828,0.15309195220470428,0.0012963676800486616,-0.004688376921254106,-0.006935756630847094,0.9999641173600633
4.6261467933654785,-0.06612339615821838,0.260621041059494,0.001423769580675928,-0.006557587693254907,-0.005150397178900983,0.9999642216719292
5.705331802368164,-0.08622879534959793,0.3408237099647522,0.0026562720406260163,-0.007737034977365704,-0.0056933861494876965,0.9999503406472958
6.844801902770996,-0.09679164737462997,0.43223637342453003,0.0035594740413914506,-0.008212240910557818,-0.005867232169622927,0.9999427257467814
8.220967292785645,-0.1254793405532837,0.5177569389343262,0.0019389526167133382,-0.00819956947520276,-0.007369438029197356,0.9999373386539577
9.565366744995117,-0.1586705893278122,0.6206296682357788,0.0037044703197335045,-0.009084942519811507,-0.008247404717830996,0.9999178614261268
10.988468170166016,-0.17332643270492554,0.7192400693893433,0.0011825400659046176,-0.010331201969508761,-0.009565417264838217,0.9999001944923345
12.420571327209473,-0.2332061231136322,0.8171759843826294,0.0038939182094486994,-0.009704055081597275,-0.010817671788736804,0.9998868192757946
13.910482406616211,-0.27692776918411255,0.911504864692688,0.0048022120179506385,-0.008111772058564162,-0.011643574097824554,0.9998877805090226
15.448036193847656,-0.29683515429496765,1.0021803379058838,0.0033114668609685546,-0.0057284106715936554,-0.011524348658219377,0.9999116992708365
17.155202865600586,-0.3341914713382721,1.1223950386047363,0.0038157636819581464,-0.0050743364284440715,-0.010997319096991885,0.9999193814682674
19.0543270111084,-0.34770655632019043,1.2331584692001343,0.004803539393982257,-0.004681113137318038,-0.010492507847171904,0.9999224662525674
21.070104598999023,-0.38389989733695984,1.3381325006484985,0.0018536447037581605,-0.001882005776776695,-0.009465696954704993,0.9999517190722079
22.10968780517578,-0.37247443199157715,1.391223430633545,0.000153598374446222,-0.003942537493213029,-0.008396197029061895,0.9999569719713471
24.122692108154297,-0.37321627140045166,1.5038135051727295,-0.0008732566083626044,-0.0031217456128853674,-0.005553102423040172,0.9999793169743691
25.12360382080078,-0.3519905209541321,1.5633525848388672,4.204127564320908e-05,-0.004414500150765355,-0.003464732434353501,0.9999842418978786
26.147598266601562,-0.33003318309783936,1.622820258140564,-0.0028973381756072173,-0.005264805577552352,-0.0007201566707973645,0.999981701206631
27.97957420349121,-0.2770460844039917,1.7264924049377441,-0.002800159862895522,-0.007298879560403288,0.004191128772898872,0.9999606676115105
29.852659225463867,-0.23291411995887756,1.833331823348999,-0.02224086347667511,-0.004260471660017061,0.009219652049377315,0.9997010454701265
31.577716827392578,-0.15374135971069336,2.0393645763397217,-0.016458097759965234,-0.003738313524530523,0.012029377245196727,0.999785199043407
33.056121826171875,-0.1280873417854309,2.0740034580230713,-0.004334697259034836,-0.009350723049224314,0.008914680166045201,0.9999071316511748
34.437103271484375,-0.1743336170911789,2.1913645267486572,-0.00013783092529162178,-0.007759338893383741,0.0027447340052359145,0.999966129086987
35.80357360839844,-0.29317739605903625,2.295923948287964,0.00039110776875417986,-0.009640160080618855,-0.011754555277545358,0.9998843528514236
37.024715423583984,-0.6229656338691711,2.359097719192505,0.0008371473658691022,-0.008839895780947432,-0.04067930278068006,0.9991327936275853
38.25995635986328,-1.0586994886398315,2.5013427734375,0.006737656916800661,-0.0026610737440606533,-0.07477627200193633,0.9971740250258319
39.518043518066406,-1.765830636024475,2.466601610183716,-0.023649308012936954,0.00082561600793365,-0.12749290642165487,0.9915571613450574
41.498802185058594,-3.4098761081695557,2.847437620162964,0.002679739894933947,0.0063336296062431454,-0.23016377644466204,0.9731275879513746
43.78254318237305,-6.098114490509033,2.515536308288574,0.02689560922841434,-0.00788057545781214,-0.35079468370043915,0.9360329195651542
45.4139518737793,-9.9625883102417,2.4700756072998047,0.007171930594754878,0.017222161840170135,-0.49901664407409274,0.8663915641510033
46.03562545776367,-21.49432373046875,1.6752418279647827,0.026791952978021737,-0.0036530382779855204,-0.716678610338019,0.6968792254085694
45.49960708618164,-23.3023681640625,2.399329423904419,0.004395450296204668,-0.011664518013900707,-0.7371251015629551,0.6756413279090154
1.3287872076034546,-0.017459655180573463,0.06291359663009644,0.0015429285565982248,-0.0020279905356315898,-0.0032233412763929417,0.9999915584565539
2.450462579727173,-0.05499444156885147,0.12805604934692383,0.001479454745338503,-0.002948838901104843,-0.00718805418106447,0.9999687219734966
3.657914400100708,-0.06496524810791016,0.18120689690113068,0.0013680272354560782,-0.005686306211026138,-0.00651754300781719,0.9999616660280821
5.1918439865112305,-0.07288794219493866,0.29997023940086365,0.001605375142094993,-0.006923326396532069,-0.0055426537660982255,0.9999593935113033
6.375916004180908,-0.09066560119390488,0.38948872685432434,0.0007587120832266383,-0.007966549433510706,-0.0063379082629354605,0.9999478818305727
7.7283549308776855,-0.11021902412176132,0.4816870391368866,0.0011743531638250004,-0.008271608770314885,-0.007050710677655815,0.9999402371072303
9.166430473327637,-0.14155995845794678,0.6086599230766296,0.0017347171117645403,-0.01090765882012141,-0.008418464775709586,0.9999035624852369
10.575296401977539,-0.1710054725408554,0.8029688000679016,0.006157633687613768,0.010666870222639853,-0.008144319889582531,0.9998909771617162
12.027217864990234,-0.2084272801876068,1.1482231616973877,0.01124296615794189,0.012331129364390172,-0.007867033441251855,0.9998298142575728
13.55878734588623,-0.2657661437988281,1.1177116632461548,0.007437615046193923,-0.0014102125327703058,-0.009862647048520167,0.9999226972384484
15.141550064086914,-0.336472749710083,0.9191099405288696,-0.0012304127428286198,-0.002717763992483325,-0.013466823492807038,0.9999048664617435
16.822010040283203,-0.3443223237991333,1.067422866821289,0.003227423605023268,-0.0066178632508063625,-0.012255564838133363,0.9998977877116955
18.860416412353516,-0.3715614080429077,1.2238327264785767,0.005048601337653215,-0.00333172055627399,-0.010415600718066792,0.999927473418417
19.881763458251953,-0.3618168234825134,1.2630168199539185,0.0023594386524536694,-0.003861605734404768,-0.00980939449309816,0.9999416453501323
21.909334182739258,-0.3775462806224823,1.363662838935852,-0.0009182897759019623,-0.004262981901809697,-0.00873029779018189,0.9999523822056778
22.910791397094727,-0.3693835437297821,1.4905720949172974,0.0030210122072788477,-0.00023057224569448064,-0.007754697270482309,0.9999653467492198
23.948501586914062,-0.3710693120956421,1.5185573101043701,-0.00047693029691813757,-0.0020428793508358496,-0.006117536571657101,0.9999790860015668
24.963844299316406,-0.35660794377326965,1.5589039325714111,0.0012004648153861642,-0.004375296287497867,-0.00378927308386078,0.9999825207851581
25.996244430541992,-0.3317607045173645,1.611847162246704,-0.0045466654945394026,-0.0051585558050388355,-0.0011462446770301024,0.9999756959107484
27.929468154907227,-0.24696101248264313,1.7341738939285278,0.019742461362517682,-0.009615531370469225,0.002470107434506631,0.9997558072081985
29.760499954223633,-0.22871625423431396,1.8493777513504028,-0.034411503699742926,-0.007947889785645564,0.010829818640172887,0.999317472709505
31.37302589416504,-0.15206710994243622,2.102959632873535,-0.010768477284528292,-0.017844831324826307,0.01305687024926457,0.9996975202854208
32.91075897216797,-0.09086839854717255,2.1470210552215576,-0.006532939185902987,-0.0332066166154585,0.015347829035500563,0.9993093012625489
34.44834518432617,-0.06488749384880066,2.22472882270813,0.0006722157036824306,-0.039528295857563824,0.012565081869375265,0.9991392141247639
35.969669342041016,-0.04484216496348381,2.3177294731140137,0.016644748016700503,-0.03397729102442697,0.00922872528665243,0.9992413847076836
37.35139465332031,-0.22639869153499603,2.3451035022735596,-0.01087334980683068,0.0035000860217814004,-0.013254887379859977,0.9998469012008538
39.27922058105469,-1.330872654914856,2.6146559715270996,-0.001579997809530899,0.020338982419844998,-0.09869443477076598,0.9949086488309675
40.30205154418945,-19.981895446777344,2.0603842735290527,0.5155010094812056,0.024925969656001565,-0.8330886730020933,0.1989992083937805
37.75192642211914,-16.392515182495117,0.8093799352645874,-0.9819798698124679,0.001251964096501124,0.17216741831413626,0.07792521306463629
1.0917174816131592,0.04375137388706207,0.02148507535457611,-0.001576515848143751,-0.0039060095961752756,0.007449073216427798,0.9999633722749904
2.3330037593841553,0.0556643009185791,0.08748873323202133,2.6648052589851646e-06,-0.006915645021346004,-0.004394978920798432,0.9999664271202612
3.4876151084899902,-0.015455856919288635,0.12888725101947784,0.009481876585949116,-0.024789694148689204,0.011761131157981585,0.9995785361478711
4.636385917663574,0.11117877811193466,-0.22916126251220703,0.008492404125821858,-0.007561194926200206,0.002501666007936927,0.9999322272223157
6.295149326324463,0.08073845505714417,0.7773367166519165,0.026488208309840146,0.007778739221144141,0.03654584672764198,0.9989505789730609
7.238109111785889,-0.26317721605300903,0.4971807599067688,-0.021561582425209405,-0.020489315241473297,-0.001717910876606527,0.9995560629231965
8.653265953063965,-0.029371459037065506,0.6161502599716187,0.007896750376829161,-0.030810593623408714,-0.0030287782099798002,0.9994894602001836
9.827425956726074,0.15481477975845337,0.40485626459121704,0.015543041977384878,0.01125996597158808,-0.005602421270924294,0.9998000958429097
10.649227142333984,-0.1496260166168213,0.9622754454612732,0.00016570070718841475,-0.036199023969630505,-0.0031182163833214254,0.9993397201790364
11.729371070861816,-0.21194978058338165,0.6429170370101929,0.004578396625167608,-0.014485790434873422,-0.00399612126380885,0.9998765884183639
12.816399574279785,-0.3500977158546448,0.7331807613372803,-0.00012495704499462237,-0.010185368912388524,-0.0025188497019394255,0.9999449461445058
14.218482971191406,-0.08589419722557068,1.085622787475586,0.004332950577373087,-0.002410561437884785,-0.001479525068270425,0.9999866186677179
15.460055351257324,0.01827378384768963,1.0930107831954956,0.0023412639749839136,-0.0031978682779837957,-0.0026663720215771188,0.9999885930960474
16.65304946899414,-0.0009694171603769064,0.9847704768180847,0.0025635263123837556,-0.008948111263794639,-0.004069381143980027,0.9999483959472966
17.735645294189453,-0.0708712637424469,1.1533879041671753,0.0031251963066979555,-0.005118887631301669,-0.004820857445680497,0.99997039095436
18.7664737701416,-0.07524758577346802,1.2088580131530762,0.003982414560008607,-0.0039567841852666584,-0.004013507271721696,0.9999761876608985
20.030797958374023,-0.06649843603372574,1.2778388261795044,0.0018145042557904541,-0.0030471178206331597,-0.003550348830801942,0.9999874009888431
21.050691604614258,-0.057892248034477234,1.3344709873199463,0.0006351712870034924,-0.002732835847729246,-0.003725360946403169,0.9999891295438257
22.175580978393555,-0.05314450338482857,1.4012330770492554,-2.2008276616515016e-05,-0.00337568731162367,-0.0032139424126033985,0.9999891295438257
23.40884017944336,-0.04139713943004608,1.4602223634719849,-0.0013126507731612974,-0.003101877040148586,-0.0024284339715813876,0.9999913721904492
24.636648178100586,-0.026517976075410843,1.5203237533569336,-0.0020726894596240467,-0.004289624825914437,-0.0021453591067665725,0.9999863578938735
25.722335815429688,-0.03855074197053909,1.5856149196624756,-0.004544785104131511,-0.005635649119324486,-0.003543090440047133,0.9999675000393125
26.84975242614746,-0.11864947527647018,1.8563404083251953,-0.04550831815815639,0.005433239555812087,-0.0026494140680480777,0.9989456787872448
27.928930282592773,-0.09224317222833633,1.8519377708435059,-0.0021035229264845267,-0.002203895983869818,-0.004817651102296763,0.9999837650530925
29.199737548828125,-0.1077127531170845,1.7162275314331055,-0.04248206039334247,-0.009223410952398741,-0.00399961693369288,0.9990466461021486
30.210895538330078,-0.1111123263835907,1.970821499824524,0.004047283911766515,-0.004891438531965587,-0.007023284181959987,0.9999551837534615
31.622392654418945,-0.1614796370267868,2.0406928062438965,-0.0032805443658216384,-0.007916986649040817,-0.00773572126444532,0.9999333374334505
33.02372741699219,-0.15694670379161835,2.125657320022583,-0.0018514888011557239,-0.006705963271120647,-0.010077656231175623,0.999925007094324
34.23385238647461,-0.265966534614563,2.1642568111419678,0.0015075230625670607,-0.00874601725061271,-0.017393510658917238,0.9998093363673755
35.386409759521484,-0.3863845467567444,2.266700506210327,0.0025628754056642817,-0.00993389416512993,-0.02618733388065095,0.9996044002288422
36.58876037597656,-0.6667143106460571,2.341554880142212,0.004532775019636455,-0.00812429655648506,-0.047210949470908335,0.9988416206125443
37.96526336669922,-1.0899016857147217,2.433892250061035,0.007546018696941285,-0.005979096913521211,-0.07595901527249202,0.997064461536782
38.96537780761719,-1.4723800420761108,2.4853098392486572,0.008568022244090876,-0.002809983502284048,-0.10090761041491166,0.9948549308765665
40.147865295410156,-2.0715126991271973,2.552126169204712,0.013387626053234802,-0.002892975497852756,-0.13808166207715936,0.9903261266332417
41.1074333190918,-2.796874523162842,2.604855537414551,0.016788301100563344,-0.003366484947269136,-0.18617563021248926,0.9823672618816034
41.88920593261719,-3.6077475547790527,2.649139642715454,0.02019847480004623,-0.004035730139916771,-0.23586551819897994,0.9715673793892282
42.657100677490234,-4.63020658493042,2.6824467182159424,0.025227498893819138,-0.0041705878568610525,-0.29030791558259894,0.9565916102583794
43.28173065185547,-5.626572132110596,2.6938321590423584,0.027765122448306836,-0.0033048062535276767,-0.3428189105532356,0.938985299667689
43.833213806152344,-6.521894454956055,2.710599422454834,0.029263494283391856,0.000927245741013355,-0.3756876163906265,0.926283776430619
44.21625518798828,-7.485016345977783,2.7042553424835205,0.03178065158414313,0.0035105160058722345,-0.42296994921246917,0.9055794010569013
44.729591369628906,-8.69321060180664,2.679544687271118,0.029452363596388812,0.007457202375213141,-0.4545457006617534,0.8902051337521117
45.19587326049805,-9.937021255493164,2.6570522785186768,0.025979309179930864,0.015046421982916797,-0.4910441667702556,0.8706172015928723
45.50659942626953,-10.944162368774414,2.6349759101867676,0.025696688056479677,0.019751772804198504,-0.5169173281501895,0.8554215614158988
45.77686309814453,-12.017352104187012,2.617272138595581,0.025723004397361502,0.020870580923359017,-0.538030813968916,0.8422740460091522
46.04819869995117,-13.134232521057129,2.6270205974578857,0.024672313511566964,0.0237697416736108,-0.5598841502718985,0.827862329030975
46.320091247558594,-14.248027801513672,2.6659228801727295,0.027607350939480257,0.02760516649759233,-0.5939543053912142,0.8035508896836836
46.37258529663086,-15.423022270202637,2.845554828643799,0.039882264775914854,0.03390816555909595,-0.6105979768129574,0.7902086827942565
46.3282470703125,-16.532848358154297,2.819284677505493,0.03861839012235353,0.03367538424448069,-0.6316624971971374,0.7735483591026678
46.43532180786133,-17.565317153930664,2.597794532775879,0.026152144588408473,0.02244167442673691,-0.6426199829215734,0.7654096826118079
46.46083450317383,-18.5863037109375,2.3424072265625,0.011907785984762288,0.005685434964136011,-0.6531343256959218,0.7571270856438097
46.42528533935547,-20.010356903076172,2.4122180938720703,0.02268051747507426,0.003126000970013226,-0.6713176179434681,0.7408160815230019
46.22107696533203,-21.19055938720703,2.4361398220062256,0.032002890437762575,0.01390573032795533,-0.6928809067885678,0.7202072673334445
44.41416931152344,-26.661012649536133,2.122603416442871,0.042622022555599444,-0.007085870199826294,-0.7852742270724153,0.6176386584559161
41.666419982910156,-33.4315299987793,3.6258325576782227,0.10113719021762001,0.05688070126054401,-0.8163756302411889,0.565744309197822
41.25728225708008,-34.00593185424805,2.5557079315185547,0.08485475922734784,0.010680792647816085,-0.8231314073676339,0.5613735363774914
40.95812225341797,-34.47849655151367,1.574427843093872,0.03743411767822046,-0.028368010525538508,-0.8294027705197392,0.5566730757506645
38.343875885009766,-42.8942985534668,0.9264329075813293,0.004186832112902391,-0.05190894497437448,-0.8208797169491067,0.5687216885300731
38.005672454833984,-43.45363998413086,1.9080435037612915,0.05674806232742902,0.030895022372089596,-0.8173535631570327,0.5725017945602976
37.13488006591797,-44.39411544799805,1.5782181024551392,0.049939936154007214,0.0012148060208064572,-0.8093309902529667,0.5852246271273113
36.919097900390625,-45.535621643066406,1.4193698167800903,0.038563488788356824,0.0033443544163671555,-0.8074707794853849,0.5886362486489713
36.73881149291992,-47.04152297973633,1.4208014011383057,0.036284372662089386,0.006235970335856179,-0.8029449772347494,0.5949149937272434
36.585330963134766,-48.69231033325195,1.563722848892212,0.04519931206917208,0.006309931187035034,-0.79536437397538,0.6044110319172168
36.44999313354492,-49.95391845703125,1.638768196105957,0.05170060100948916,0.004616140308345167,-0.7891688580690052,0.611978964433569
36.216796875,-51.12895202636719,1.5596935749053955,0.05016251767799117,0.0009187790675918045,-0.7842852104262887,0.618368488637403
35.811031341552734,-52.466949462890625,1.5281829833984375,0.04333543663420155,0.012917529350965969,-0.774430392280345,0.631040969198926
35.67724609375,-53.76085662841797,1.4415600299835205,0.04481595848874306,0.0011410792580119542,-0.7691142579621983,0.6375370267325191
35.55131149291992,-54.926239013671875,1.4223755598068237,0.0453618853602967,0.0022078459734361155,-0.763054846855838,0.6447361562593477
35.45458984375,-56.0925407409668,1.397038459777832,0.045307594447446746,0.0025075780500825803,-0.7565988900744697,0.6523029120448673
35.36618423461914,-57.367679595947266,1.3838917016983032,0.04553136157576456,0.002783920775998731,-0.7499841957547153,0.6598808938849126
35.28824996948242,-58.74678421020508,1.3635209798812866,0.04416405627422216,0.0032854369995478955,-0.7440486593527667,0.666656061767382
35.236595153808594,-59.75926208496094,1.348967432975769,0.04313316066210268,0.0039346556698835215,-0.740261997836679,0.6709219555015767
35.190242767333984,-60.944583892822266,1.3261971473693848,0.04352742203653753,0.0047316394147342185,-0.7357001119137272,0.6758907648332401
35.1458854675293,-62.11071014404297,1.2903413772583008,0.04545905666136501,0.003617915434584805,-0.7312380809520285,0.6805962251000519
35.13603210449219,-63.25745391845703,1.297870397567749,0.044454734349611134,0.005437005357601995,-0.726865058341219,0.6853184455291
35.13356399536133,-64.42158508300781,1.297513723373413,0.043738965578196155,0.005147610787195711,-0.7225074084948057,0.6899590304392127
35.14099884033203,-65.65119934082031,1.2860236167907715,0.04488355126133706,0.0038758768507114686,-0.7180120236915922,0.694571255994928
35.1530647277832,-66.88829803466797,1.2933558225631714,0.045892037762437665,0.0014956446715502347,-0.7138066737800592,0.6988359647559519
35.17993927001953,-68.03045654296875,1.2867612838745117,0.045236137488129095,0.001304331093940716,-0.7100772235387335,0.70266802345588
35.22959518432617,-69.09810638427734,1.283281683921814,0.04284425015140877,0.0012589450081327588,-0.7065735790530758,0.7063402708654524
35.28340530395508,-70.48209381103516,1.2731410264968872,0.04174380090446361,0.0011603214210357223,-0.7030246417853258,0.7099383541133293
35.318939208984375,-71.83997344970703,1.2583590745925903,0.041931829174644594,0.0004825211578182547,-0.6997251277424671,0.7131803799007942
35.37562561035156,-73.18863677978516,1.2411863803863525,0.0417403571019818,0.0004999380352331037,-0.6981635541594949,0.7147203261365054
35.47734069824219,-74.66593933105469,1.2461131811141968,0.040834598965311886,0.0009278061160812339,-0.6932427036488494,0.7195458385840036
35.573486328125,-76.18087768554688,1.2161836624145508,0.04145626568807922,0.0020656970369096134,-0.6906757840777227,0.7219723764814002
35.64948272705078,-77.26356506347656,1.2069365978240967,0.04167100869312539,0.0015570804903571151,-0.6885750703373068,0.723965087208473
35.7210578918457,-78.3171615600586,1.229583740234375,0.041914297713074415,0.0009315891171676902,-0.6866140637991521,0.7258122740613963
35.803836822509766,-79.4590072631836,1.2334237098693848,0.04253757417193014,0.00011485223829642117,-0.6847490114405511,0.7275364760538504
35.91056442260742,-80.66254425048828,1.2215821743011475,0.04122867403565862,0.000569958783908839,-0.6827048792644069,0.7295299479402878
36.00634002685547,-81.78780364990234,1.203961968421936,0.04174267158585341,-0.00024176886261149128,-0.6810070845388728,0.7310860748646353
36.13388442993164,-83.25347137451172,1.1992586851119995,0.04217880446939761,0.00017385837645384313,-0.6789238071512504,0.7329961724987223
36.23041534423828,-84.27742004394531,1.1783567667007446,0.04190901037298666,0.0009067193824717796,-0.67817870564622,0.7337005160743707
36.34515380859375,-85.6546859741211,1.1752787828445435,0.042157432506154904,0.0007305493439509502,-0.6772346933498203,0.7345579951642425
36.4796257019043,-87.03855895996094,1.1552894115447998,0.04061313681600453,0.001339815976989469,-0.6764535077729644,0.7353634801661323
36.61332321166992,-88.41581726074219,1.1413325071334839,0.04019128126557964,0.00022820299907076004,-0.6753733042912321,0.7363799807960114
36.75150680541992,-89.74486541748047,1.136573076248169,0.0403182216450866,0.0010333092974041558,-0.6733300958592028,0.7382411264688158
36.91564178466797,-91.01598358154297,1.149660587310791,0.03765816380094066,0.00246182377214106,-0.6713741908930441,0.7401570994420781
37.07366943359375,-92.38597869873047,1.1463435888290405,0.03733716756806251,0.0015905102320958012,-0.6694753629330792,0.7418936411199619
37.24042510986328,-93.74447631835938,1.1563466787338257,0.03701654073394482,0.0013581859172409948,-0.6675523771802082,0.7436408782796484
37.41518783569336,-95.14533233642578,1.168457269668579,0.03566821023972836,0.001005350128446326,-0.6658984650467307,0.7451885821634479
37.546592712402344,-96.15442657470703,1.1482099294662476,0.03713794950919477,0.0012182380021140186,-0.6644609632537141,0.746398656266242
